[1.7224676609039307,
0.4004955887794495,
-0.3410933315753937,
-0.7690096497535706,
0.1086704134941101,
-1.9405356645584106,
0.5218410491943359,
0.0509519390761852,
-0.0291024260222912,
0.0007519168430008,
-1.5530333518981934,
-0.7184220552444458,
0.3355039060115814,
-1.1561740636825562,
-0.7841389179229736,
-0.1757020801305771,
0.2532795965671539,
1.5200221538543701,
0.1664596498012543,
0.5726237893104553,
-0.6073307991027832,
1.8233138322830200,
0.0274497084319592,
3.0306801795959473,
-0.4662197232246399,
-0.0856925100088120,
-0.9000669717788696,
1.8321362733840942,
0.4565367698669434,
0.2355908900499344,
1.0816795825958252,
0.4151398837566376,
0.0829164534807205,
0.6806078553199768,
-1.4813015460968018,
-1.0956645011901855,
-0.2137444317340851,
0.3771496713161469,
1.6507475376129150,
-0.1370750963687897,
-2.0201916694641113,
0.3563594222068787,
0.0792792737483978,
-0.7345067262649536,
1.5199201107025146,
-0.2307696044445038,
0.0605292879045010,
-0.2441662549972534,
-0.2578194141387939,
-0.1436057090759277,
-0.0514365695416927,
1.2353923320770264,
-0.4823231697082520,
-0.2759490013122559,
-1.6156232357025146,
-0.4152920246124268,
-1.6256216764450073,
-0.0937892124056816,
-1.6622020006179810,
0.2728554010391235,
0.3662740588188171,
-0.0844751670956612,
0.4938705265522003,
-0.2552919387817383,
-1.2528589963912964,
-0.5605360865592957,
0.5726278424263000,
-0.1007172390818596,
0.9543868899345398,
-0.9524821639060974,
-0.5316075682640076,
-1.8769760131835938,
0.1038975194096565,
1.2910321950912476,
-1.6295095682144165,
-0.1289810091257095,
-1.1104545593261719,
-0.7628012299537659,
-0.3499257266521454,
-1.4191879034042358,
0.6328079104423523,
-0.1665662229061127,
-1.9511413574218750,
-0.2544168531894684,
0.0033260050695390,
1.2509380578994751,
-0.4122064411640167,
-0.3760224580764771,
-1.1342349052429199,
-0.5826457738876343,
-0.1526659578084946,
0.1965861022472382,
-1.3090995550155640,
0.9476433396339417,
0.8852232694625854,
0.1410608291625977,
0.8310326337814331,
0.4495595097541809,
-1.1511482000350952,
-0.1069703027606010]