[1.3969780206680298,
1.3410186767578125,
1.3769813776016235,
-0.0691964998841286,
-0.8419629335403442,
0.0822769403457642,
-0.2402265965938568,
2.7332482337951660,
0.4744909703731537,
0.7630032896995544,
0.1348658651113510,
0.0679571181535721,
-0.3480485379695892,
0.1170676425099373,
-0.9624910950660706,
-0.2481499910354614,
0.3743562102317810,
-1.1685619354248047,
0.4863590002059937,
-0.1920583844184875,
0.6701666712760925,
1.2171794176101685,
-0.0184988845139742,
-0.7754305005073547,
-0.2113288193941116,
-0.7800779938697815,
1.7825559377670288,
-0.4038481712341309,
0.2997368574142456,
-2.3289496898651123,
-1.7982501983642578,
-0.6749565005302429,
0.5375604629516602,
-0.8063567280769348,
0.7377997040748596,
-0.3072276115417480,
-1.9080735445022583,
-0.3843418657779694,
-0.5169030427932739,
-0.3304568827152252,
0.2788134217262268,
-1.1925976276397705,
-1.0466027259826660,
0.1220055744051933,
1.5847899913787842,
0.2387812584638596,
0.0357902161777020,
0.6569967865943909,
-1.0523110628128052,
-1.2395985126495361,
-0.0752402022480965,
-0.9022170901298523,
1.5049937963485718,
-0.6672217249870300,
1.2330527305603027,
0.7308611273765564,
0.7038894295692444,
-0.4969197511672974,
0.6268275976181030,
1.6170375347137451,
0.7871009111404419,
-0.6396028995513916,
0.9462973475456238,
0.1751465201377869,
-2.7775628566741943,
1.2149361371994019,
-0.4829392433166504,
-0.6067558526992798,
0.8921288251876831,
0.1703002303838730,
0.0590054094791412,
-0.6950470209121704,
-0.0909334048628807,
-0.3944394588470459,
1.0023262500762939,
0.0390128120779991,
-1.1854521036148071,
0.5254158973693848,
1.0979449748992920,
-0.3014056682586670,
-0.2250221967697144,
-0.2296699732542038,
0.5671436190605164,
-1.4798692464828491,
0.8209477066993713,
0.5147848129272461,
1.0631401538848877,
-0.2813120484352112,
-1.8394880294799805,
-0.9041373729705811,
0.4646756052970886,
0.5403946638107300,
0.1794550120830536,
0.3839218020439148,
-0.9798014163970947,
0.1568803936243057,
1.1062759160995483,
1.3440947532653809,
0.2480179816484451,
-0.6115353703498840]