[0.0125923473387957,
0.1116886213421822,
-0.1957406252622604,
1.2444165945053101,
0.3387644886970520,
-0.8024265170097351,
-0.1911646723747253,
-0.0161729585379362,
-2.1277661323547363,
-0.5871269106864929,
-1.9082474708557129,
-0.9506171941757202,
-0.0049091866239905,
0.9766052365303040,
-0.4852499067783356,
-1.9263024330139160,
-0.1529533565044403,
1.0660427808761597,
0.9638226628303528,
0.4462924301624298,
1.0342571735382080,
1.9581538438796997,
-0.4220798015594482,
1.5332115888595581,
1.0823836326599121,
0.4108585119247437,
0.6246585249900818,
0.2353223562240601,
0.3007824718952179,
0.4082325994968414,
1.2932456731796265,
1.6837736368179321,
-1.0846719741821289,
0.5314109325408936,
0.8962171077728271,
-0.4641062319278717,
0.1698566228151321,
-1.1348371505737305,
0.5943841338157654,
0.8805454373359680,
0.9079568386077881,
-0.0769578889012337,
-0.7998402714729309,
2.0329508781433105,
0.1241796240210533,
-0.5272449851036072,
-0.3263599276542664,
-0.5461487174034119,
0.1808780729770660,
-0.2579129338264465,
2.0618345737457275,
0.1132807284593582,
0.1698375493288040,
0.8653510212898254,
1.1049665212631226,
-0.0744989961385727,
-0.6782132983207703,
-1.6475046873092651,
-0.9393608570098877,
-0.1506707370281219,
-0.3995594382286072,
0.2952704727649689,
-0.9401716589927673,
0.8640631437301636,
0.8726053833961487,
-0.0615600049495697,
0.5887388586997986,
-0.6971657872200012,
0.1909334808588028,
0.8213498592376709,
0.2524491548538208,
0.7894080877304077,
0.8183223605155945,
1.3206583261489868,
-0.3162895143032074,
-0.4948102831840515,
-0.8791416883468628,
-0.5720019936561584,
0.0947423949837685,
-0.2877386510372162,
1.9672524929046631,
-0.0536510422825813,
0.6061516404151917,
-0.6840671896934509,
1.1595554351806641,
-1.0408936738967896,
0.3046712279319763,
0.8896166682243347,
0.3672411441802979,
-1.2588312625885010,
2.1733157634735107,
-0.7673833966255188,
-0.0171183105558157,
0.9566602706909180,
-0.6496423482894897,
-0.4331020116806030,
-0.8881946802139282,
-0.3879237174987793,
-2.3776576519012451,
0.4799962937831879]