[-0.0075434641912580,
-0.6364181041717529,
-0.3851031661033630,
1.6718376874923706,
-0.0089291427284479,
-1.2175726890563965,
0.0758295878767967,
0.0774772763252258,
-2.2615039348602295,
-0.1605242937803268,
-1.4257529973983765,
0.8545701503753662,
-0.1323562562465668,
0.7326501011848450,
-0.3189575970172882,
-0.0677874758839607,
-0.0229950547218323,
0.5982723236083984,
-1.1068818569183350,
0.5041328072547913,
0.5121785998344421,
0.2729509770870209,
0.2442325502634048,
-0.6615776419639587,
-0.9215823411941528,
0.2155083566904068,
1.7108819484710693,
0.8048905730247498,
-0.9812178611755371,
0.8725260496139526,
0.9023296833038330,
0.4685578346252441,
-0.4219624996185303,
0.2330873608589172,
-0.3282597661018372,
1.6518461704254150,
0.9161460995674133,
-0.4935506880283356,
-1.5817079544067383,
0.4998431503772736,
-0.3900291621685028,
1.5671900510787964,
-0.5352251529693604,
-1.1183327436447144,
-1.7037490606307983,
-2.0280921459197998,
-0.8748050928115845,
-1.4460361003875732,
-0.1776236891746521,
-1.2337075471878052,
0.8335185647010803,
-0.2785905599594116,
-0.6324658393859863,
0.9379336237907410,
-0.0692739635705948,
0.1584043949842453,
0.4184765219688416,
0.0633205175399780,
-0.1791810095310211,
-0.1428150683641434,
0.8911601901054382,
-1.6152353286743164,
-1.6087163686752319,
-1.4921998977661133,
0.5121802091598511,
-0.7411214113235474,
1.2235985994338989,
0.7861645221710205,
1.5671157836914062,
-0.6732910871505737,
0.4571659564971924,
-0.0709071531891823,
-0.5420141220092773,
-0.3927170634269714,
-0.8957203626632690,
-0.7389502525329590,
0.0060823881067336,
2.2044713497161865,
0.3373292088508606,
-0.9020383954048157,
2.5170848369598389,
1.0611665248870850,
-0.2232112437486649,
0.8842827677726746,
-0.0685427933931351,
1.9553390741348267,
2.0909254550933838,
-1.1550602912902832,
-0.3375586569309235,
1.4126195907592773,
0.0287250541150570,
2.3411231040954590,
-1.7789967060089111,
-0.1165129169821739,
0.6318385601043701,
1.5324230194091797,
-2.2337243556976318,
-0.1366517245769501,
-1.6936591863632202,
0.7471662759780884]