[0.3581548333168030,
-0.4908925294876099,
-0.1016080975532532,
-0.9680000543594360,
-0.0358836427330971,
0.4832099378108978,
-0.7894676923751831,
-0.3873278498649597,
0.1970535367727280,
0.5880532264709473,
0.2874842584133148,
-2.3329939842224121,
-0.2443156838417053,
0.3494667112827301,
-0.7111043930053711,
0.4073572754859924,
1.4926171302795410,
2.3455941677093506,
-0.5247385501861572,
0.1922090351581573,
0.8909690976142883,
-1.4103634357452393,
0.2820526957511902,
-0.8593493700027466,
-0.4334715604782104,
-0.6117691397666931,
-0.1163783073425293,
-0.6865719556808472,
-0.7154108881950378,
-1.1550164222717285,
-0.2269047200679779,
-0.0181411337107420,
1.0438791513442993,
0.3492243587970734,
1.2515732049942017,
-0.0354059450328350,
0.7279965281486511,
0.1938617676496506,
-0.7621144056320190,
0.4918028712272644,
0.1959916353225708,
-1.3172032833099365,
1.2100042104721069,
-0.1902877092361450,
0.2810595631599426,
0.3898418247699738,
-1.2033946514129639,
-0.6940953731536865,
-0.0070881475694478,
-0.7347665429115295,
-1.0749751329421997,
-0.7335308194160461,
-0.8519974350929260,
0.7549114823341370,
0.3779734373092651,
-0.9343812465667725,
0.8593596220016479,
-2.0392820835113525,
-0.3503051102161407,
1.2950714826583862,
1.3730576038360596,
0.5262473225593567,
-2.2699799537658691,
-0.4229701161384583,
0.0399554371833801,
0.7635909914970398,
-0.4357247054576874,
0.3630293309688568,
0.4243500232696533,
1.3671472072601318,
-1.1175256967544556,
-0.5042955279350281,
-0.0439717769622803,
0.3541432321071625,
0.0332505740225315,
-0.5886601805686951,
-0.4872529208660126,
0.2968205511569977,
-1.0587444305419922,
-0.7184812426567078,
-1.2927926778793335,
-1.5794939994812012,
0.0055592954158783,
-2.7799699306488037,
-0.5243895649909973,
0.3602055013179779,
-0.7858589887619019,
-0.6466004848480225,
1.1026993989944458,
0.7652783989906311,
-1.2973520755767822,
1.8271323442459106,
0.7492879629135132,
0.9959953427314758,
-0.8156517744064331,
-1.0113632678985596,
1.4139469861984253,
-0.6601851582527161,
-2.0905070304870605,
1.0732955932617188]