[2.8055646419525146,
0.6417829394340515,
0.7219109535217285,
-1.7853604555130005,
1.9183415174484253,
-0.9760835170745850,
-0.9908128976821899,
0.3314003944396973,
1.6222709417343140,
0.5331816077232361,
-2.3586137294769287,
-0.9753065705299377,
1.2676695585250854,
1.2147208452224731,
0.4546337723731995,
-1.6874049901962280,
0.1154902428388596,
0.4382526576519012,
-0.6745174527168274,
-0.9899919629096985,
-0.4147176444530487,
-0.0664624050259590,
0.6550863385200500,
-1.8707619905471802,
-0.7536507248878479,
0.2582830488681793,
-0.5306078791618347,
0.7623550891876221,
-1.0056868791580200,
1.7107293605804443,
0.5812599658966064,
0.0921381339430809,
1.1132568120956421,
0.0173766855150461,
0.9969383478164673,
1.1284229755401611,
0.2845874130725861,
0.3853434324264526,
0.1060039103031158,
-0.8179560303688049,
-0.2723783254623413,
-1.3402117490768433,
0.3922691047191620,
-0.0751158297061920,
1.1732131242752075,
0.6690718531608582,
0.3329451382160187,
1.4878685474395752,
-0.9450188279151917,
-1.8586025238037109,
1.0340639352798462,
0.7860576510429382,
0.4792540669441223,
-0.4909281432628632,
-1.5621372461318970,
-0.3515111207962036,
0.7258232831954956,
0.2968331873416901,
-0.6798173785209656,
-1.0902853012084961,
-0.3338804841041565,
0.0820973291993141,
-0.1246644183993340,
0.1698047816753387,
-0.6856344342231750,
-2.3285541534423828,
-0.6093032956123352,
0.2591584920883179,
0.7843070030212402,
-0.1919694989919662,
0.4898714721202850,
-0.2219348102807999,
0.5426751375198364,
0.2095916867256165,
0.7721301317214966,
0.0988977476954460,
-0.7807080149650574,
1.1765649318695068,
1.4171383380889893,
-1.0425896644592285,
0.2867854237556458,
1.0043805837631226,
1.0280508995056152,
0.8609308004379272,
-0.6568650603294373,
-0.4297038018703461,
0.9874658584594727,
-1.3243464231491089,
-0.1858392953872681,
1.5144224166870117,
0.2339070141315460,
-0.5810574889183044,
2.2890295982360840,
-0.4841157495975494,
1.6805816888809204,
-0.2457859069108963,
-0.1356925368309021,
1.2370375394821167,
-0.8951356410980225,
0.7116429805755615]