[0.5265091657638550,
0.3140519261360168,
1.0366231203079224,
-0.3592811524868011,
0.6671925783157349,
0.5593340396881104,
-0.3058367967605591,
0.2689604461193085,
0.9412301182746887,
0.9765664339065552,
-0.4434844553470612,
-1.3842148780822754,
0.0138391666114330,
-1.6863906383514404,
0.2845090627670288,
-3.9310312271118164,
-1.0626325607299805,
-0.7655442953109741,
1.3517935276031494,
0.5188030600547791,
-1.7452752590179443,
1.3417003154754639,
-1.7043120861053467,
1.0921561717987061,
-0.6074685454368591,
1.5175141096115112,
0.1629807949066162,
-0.3327552974224091,
0.8177272081375122,
1.2289426326751709,
-1.2533991336822510,
0.3206946253776550,
0.4242665171623230,
0.5839422345161438,
-1.0409995317459106,
-0.3547468483448029,
-0.6272479295730591,
0.2013811171054840,
-0.0779501274228096,
-1.6459515094757080,
-0.1534692496061325,
1.3824201822280884,
0.8634562492370605,
-0.8669564127922058,
0.8147112131118774,
1.4518442153930664,
-0.2355243265628815,
1.0242682695388794,
-0.4932636022567749,
-0.1896052211523056,
0.0226583946496248,
-1.2074847221374512,
1.1367037296295166,
-1.3402031660079956,
-0.3449207246303558,
-2.5049407482147217,
1.3793966770172119,
0.2964204549789429,
-0.3397893309593201,
0.3486281335353851,
0.9494581818580627,
0.1077839136123657,
0.7262891530990601,
-0.5704903602600098,
-0.4207652807235718,
-0.5164651274681091,
0.1799196898937225,
-0.4398662149906158,
-0.2616479098796844,
0.5411884784698486,
0.5303336977958679,
-0.1886738538742065,
0.0702697187662125,
-1.3767263889312744,
1.1360163688659668,
0.6305271387100220,
0.4274334311485291,
-0.4557430744171143,
0.4260657727718353,
-1.4951375722885132,
-1.6370424032211304,
-1.0086090564727783,
-1.3554255962371826,
0.2381200790405273,
1.9240076541900635,
-0.6593666672706604,
-0.0310471691191196,
0.5677491426467896,
-0.4547243118286133,
-1.3210098743438721,
0.7364774942398071,
-0.9338632225990295,
-0.4460053741931915,
0.3653412759304047,
-0.4706985056400299,
-0.0380883365869522,
-2.2225172519683838,
1.5714144706726074,
-0.7775087952613831,
0.3421763479709625]