[-0.4725282788276672,
0.5433149337768555,
-2.5255620479583740,
-0.4861318767070770,
0.1794935464859009,
0.0138173140585423,
0.3787111639976501,
0.6167302727699280,
0.4277969002723694,
1.4043204784393311,
0.0225804354995489,
0.0405396558344364,
1.3431786298751831,
0.6057941317558289,
1.1985611915588379,
-0.9954943656921387,
-0.0966447740793228,
1.3502483367919922,
-0.1149714067578316,
-0.2452704608440399,
-0.3165647983551025,
0.5369108915328979,
1.4439250230789185,
1.7084282636642456,
0.4023348391056061,
-0.6545212268829346,
0.2975347340106964,
0.3656861186027527,
-0.1404827237129211,
-0.4191010594367981,
-0.0612608268857002,
-0.7469034194946289,
0.7032902836799622,
-0.2038111835718155,
0.2816793620586395,
0.3699523508548737,
0.5964152216911316,
-0.0906063243746758,
1.1645040512084961,
-1.4869626760482788,
-0.3250735998153687,
-0.4638714790344238,
1.1795113086700439,
1.1051628589630127,
0.2983223497867584,
-1.7601087093353271,
0.0265880450606346,
-1.7191867828369141,
-0.1262806206941605,
0.0852964892983437,
-0.7413792610168457,
-0.9923683404922485,
-0.3114982247352600,
1.3647358417510986,
-1.6955437660217285,
0.1160191372036934,
0.0389353670179844,
-0.0672609284520149,
0.8317728638648987,
-0.1087539345026016,
-0.5119872689247131,
-1.3079218864440918,
1.3830707073211670,
1.2160648107528687,
1.2684490680694580,
-0.2834964394569397,
0.7785313129425049,
-0.0780646800994873,
1.1891514062881470,
-0.9961775541305542,
-0.2175108641386032,
1.0071431398391724,
-1.5462050437927246,
0.9294500350952148,
1.2300685644149780,
-0.2511698007583618,
0.7809750437736511,
1.0162007808685303,
0.3427858650684357,
1.2408094406127930,
0.0435722097754478,
0.7045896649360657,
-1.1874843835830688,
-0.9798122644424438,
-0.5254957675933838,
0.0937097370624542,
0.8074046969413757,
0.2551635503768921,
0.4471166729927063,
-0.5827423334121704,
-0.3680666685104370,
0.4166362583637238,
-1.3957008123397827,
0.7308060526847839,
-1.0188542604446411,
-0.1062383651733398,
-2.4050974845886230,
0.9568480253219604,
-2.4707114696502686,
-2.3096802234649658]