[0.7311879992485046,
-0.7474796175956726,
-0.3774839639663696,
-0.3713662326335907,
0.0907644629478455,
-0.6292474269866943,
1.3472532033920288,
0.9707134962081909,
0.7500388026237488,
-0.5014210343360901,
-1.6103960275650024,
1.3598284721374512,
-0.4034757614135742,
-1.0794458389282227,
0.3470376133918762,
0.6851862072944641,
-0.3151678740978241,
-0.2724361419677734,
1.1032431125640869,
-0.3749114573001862,
-0.1469938457012177,
-1.6435458660125732,
1.2600501775741577,
-1.8797495365142822,
1.5717707872390747,
-1.4867193698883057,
-0.1968748718500137,
1.2623677253723145,
0.8754413127899170,
-0.3252936005592346,
1.7452338933944702,
0.1402928829193115,
0.6626003980636597,
-0.8941507935523987,
-0.6712973713874817,
-0.8790088295936584,
0.1814374923706055,
-0.0165709853172302,
-1.1703401803970337,
-2.2165975570678711,
-0.6051578521728516,
0.7000133395195007,
2.1556410789489746,
0.1916995644569397,
0.2666212618350983,
1.3127166032791138,
0.0460014343261719,
2.1168730258941650,
-0.3478427827358246,
-0.4215731918811798,
-1.1405993700027466,
0.1333961039781570,
1.3824909925460815,
-0.8802767395973206,
-0.7715821266174316,
0.9803826808929443,
0.1230565980076790,
-0.8651240468025208,
1.1199311017990112,
0.3400726318359375,
0.4725165665149689,
-1.4817948341369629,
-0.0394814610481262,
-1.1603033542633057,
0.5538672804832458,
-1.4148168563842773,
2.2400333881378174,
-0.2268352210521698,
-0.2135664522647858,
-1.0359997749328613,
-1.8296186923980713,
-0.1441105306148529,
-1.5144203901290894,
0.1739743798971176,
-0.7313775420188904,
1.2787512540817261,
0.1290056407451630,
-0.3707940578460693,
1.3240987062454224,
0.2248353511095047,
0.0974241271615028,
-1.5481541156768799,
1.6510691642761230,
-0.5153569579124451,
-1.3490941524505615,
-0.9545190930366516,
-0.5615528821945190,
1.3206826448440552,
0.3488153815269470,
-0.2964734435081482,
-1.1624987125396729,
1.7677638530731201,
0.0751497223973274,
-0.0663558244705200,
0.6015933752059937,
0.9562604427337646,
-1.2617046833038330,
-1.8554604053497314,
1.2430777549743652,
-0.4466385543346405]