[1.5110116004943848,
-0.2031712979078293,
-1.3843214511871338,
-0.1568741947412491,
-0.0747529268264771,
0.3782240450382233,
-0.3370539844036102,
0.2262348979711533,
-1.0440988540649414,
1.2078067064285278,
-0.6685913205146790,
-0.5398278236389160,
-2.0125768184661865,
0.4608440995216370,
0.1175950989127159,
-0.6176815032958984,
-0.0026276686694473,
-0.5356230735778809,
-0.3697183430194855,
0.0066440193913877,
0.6319218277931213,
-1.5720200538635254,
-1.4104647636413574,
-0.0134356990456581,
0.1782113313674927,
-0.9295426607131958,
-0.6377341151237488,
-0.7966822981834412,
0.5800439119338989,
0.5937341451644897,
0.3650420606136322,
1.1833640336990356,
0.7343398332595825,
1.0660213232040405,
1.1667722463607788,
-0.5268160700798035,
-2.2621970176696777,
0.0290688797831535,
-0.1339412778615952,
0.9919208288192749,
-2.0646276473999023,
2.0693895816802979,
1.1666938066482544,
0.1630400270223618,
0.5807954072952271,
-0.8250433206558228,
-1.7713533639907837,
0.1793029159307480,
0.5528836250305176,
-1.0633566379547119,
-0.0214828923344612,
0.4317989349365234,
-0.3935934007167816,
0.8436735272407532,
-1.3167768716812134,
-0.0559363625943661,
0.6004995107650757,
0.0939988046884537,
1.8074101209640503,
0.3192431330680847,
1.3875526189804077,
-0.0304590128362179,
0.7288303375244141,
-0.7903157472610474,
1.3692176342010498,
0.9066646099090576,
0.5252075791358948,
0.0867536589503288,
0.5821217298507690,
-0.4987761676311493,
-0.2316660284996033,
0.3843327760696411,
-0.9323253631591797,
0.9233757257461548,
0.9060727357864380,
-0.2227193564176559,
0.6459068059921265,
0.0259384997189045,
-0.2806610763072968,
0.6842052936553955,
0.1462853103876114,
0.6840197443962097,
0.1416167914867401,
-0.1889991313219070,
-0.0930003672838211,
-0.1584626138210297,
-1.3277283906936646,
-1.4782629013061523,
0.9648062586784363,
0.5846194624900818,
-1.6092832088470459,
-0.8784192204475403,
0.8609268665313721,
0.0654508844017982,
1.2604695558547974,
-0.4262422919273376,
-0.0985883623361588,
-1.4261724948883057,
-0.4934465587139130,
-0.1959123313426971]