[0.3650514185428619,
0.7162947058677673,
-0.1284997016191483,
0.5657595396041870,
-0.5223020315170288,
-2.1477410793304443,
0.5331405997276306,
-0.4788017868995667,
-0.2618483006954193,
0.4288279116153717,
0.1292512714862823,
1.6129394769668579,
-0.7185721397399902,
-0.8791633844375610,
-0.3443259298801422,
-0.6165121793746948,
-1.5144327878952026,
1.0539885759353638,
-1.3083472251892090,
0.5421854257583618,
0.8043342232704163,
-0.1278683543205261,
0.9973334670066833,
-1.0085219144821167,
-0.5837858319282532,
1.3191809654235840,
0.6127946376800537,
1.2043123245239258,
-1.5040965080261230,
-1.1793875694274902,
0.4912160336971283,
-1.2046314477920532,
-0.5695341229438782,
-0.0385827198624611,
1.0391262769699097,
1.9302546977996826,
0.8824378848075867,
0.5737637877464294,
-0.3210175037384033,
-0.8710647225379944,
-0.5801388025283813,
-0.6872689127922058,
-0.2339177280664444,
0.3592326641082764,
-0.7840802669525146,
-0.1496745944023132,
0.2846741378307343,
0.6539183259010315,
1.0985033512115479,
0.0472315624356270,
-0.1500537544488907,
0.2879677116870880,
-1.1397597789764404,
-0.2514801919460297,
0.5472216606140137,
0.1483630985021591,
0.9001615643501282,
-0.1730809658765793,
0.4554443955421448,
0.0235039480030537,
1.1147588491439819,
-0.1554996669292450,
1.8668286800384521,
-0.4608733355998993,
0.5229952931404114,
0.2296427190303802,
-0.2373711913824081,
0.7961114645004272,
0.5836150050163269,
1.2484018802642822,
-2.4458475112915039,
0.8518061041831970,
0.3004068136215210,
1.5108339786529541,
-0.2411669790744781,
-0.4152161180973053,
1.1329591274261475,
0.3575207889080048,
-0.1681098639965057,
0.1867023110389709,
-0.0317673236131668,
-0.8599932193756104,
-0.3231666684150696,
0.5885075330734253,
0.0623668432235718,
-1.5675096511840820,
0.6645739674568176,
-0.5992259979248047,
0.4977573752403259,
-1.0186324119567871,
0.3683982491493225,
-0.0532098561525345,
0.3034112155437469,
-0.7769618034362793,
-0.8447159528732300,
-0.6878083944320679,
-2.3423535823822021,
1.4475275278091431,
0.0483689345419407,
-0.6213793754577637]