[0.5253390073776245,
-0.2151913195848465,
1.1941628456115723,
0.4093985855579376,
0.8479238748550415,
-1.4066977500915527,
-1.9067034721374512,
-0.2877195179462433,
0.2772039473056793,
2.0949306488037109,
-1.3937977552413940,
-0.0756093040108681,
0.3410978615283966,
-1.4582804441452026,
-0.0342074520885944,
0.9803996086120605,
0.8120143413543701,
-0.0157697219401598,
-2.3524177074432373,
2.0119345188140869,
0.0204063393175602,
0.1102750077843666,
0.7789728641510010,
-1.3767604827880859,
-1.9709172248840332,
-1.8520804643630981,
0.4912323355674744,
0.3328578174114227,
-0.6115174293518066,
2.4834048748016357,
-0.9589428305625916,
0.5423251986503601,
2.2059304714202881,
-0.7460864186286926,
-0.0674161314964294,
0.1262136250734329,
-1.4089481830596924,
-0.1884536296129227,
0.6346977949142456,
0.9558571577072144,
0.0888312011957169,
-0.0254394095391035,
0.0422769822180271,
-1.8323059082031250,
-0.6489170789718628,
-0.3344687819480896,
0.3173566162586212,
0.2783114612102509,
-0.0195873994380236,
0.3718706965446472,
0.5203810334205627,
0.0733740851283073,
0.7210342884063721,
-0.5180604457855225,
-0.6096387505531311,
-0.3895428180694580,
0.4457834661006927,
-0.4497355222702026,
0.5176841616630554,
-1.0892212390899658,
0.4423849284648895,
-0.9209722876548767,
0.2908193469047546,
-0.1567690968513489,
-0.0402189642190933,
0.7099184989929199,
-0.0253732837736607,
1.4661072492599487,
1.1078855991363525,
0.2360961437225342,
0.6093859672546387,
1.3394418954849243,
0.2328075766563416,
-0.1494008302688599,
-0.3294835984706879,
-1.2553210258483887,
0.5870727300643921,
-0.0510205365717411,
2.0924203395843506,
0.1594908833503723,
-0.9100371599197388,
0.6550291180610657,
-0.3332802057266235,
0.2539349794387817,
-1.0630857944488525,
-0.4372142553329468,
-0.8750966787338257,
0.5840148925781250,
2.0146074295043945,
-0.2390081733465195,
-1.3633846044540405,
2.2726607322692871,
0.6149160265922546,
2.3537888526916504,
-2.0365383625030518,
-2.0054793357849121,
-0.9419211745262146,
0.4886727631092072,
-0.0475172623991966,
0.9432410001754761]