[-1.4171167612075806,
0.0517728887498379,
2.8123791217803955,
0.0434304475784302,
-1.1188274621963501,
0.4859227836132050,
-1.1052958965301514,
0.2258784621953964,
0.6775428652763367,
0.2774797379970551,
0.8405649065971375,
1.3541342020034790,
-1.4007179737091064,
0.4686344563961029,
1.0426392555236816,
1.1448452472686768,
0.3313243687152863,
0.6074790954589844,
1.5490895509719849,
-1.3489633798599243,
1.7661074399948120,
0.6971887946128845,
0.3062250912189484,
-1.2368910312652588,
0.1860752850770950,
0.5928633213043213,
-0.2238963395357132,
-0.0808755531907082,
-0.0843597427010536,
2.6353542804718018,
-0.8200454711914062,
0.2465299069881439,
1.6978379487991333,
2.7463397979736328,
0.3662524521350861,
1.5633621215820312,
1.1575144529342651,
2.1146788597106934,
0.5755732059478760,
-0.4200087487697601,
-0.4264662265777588,
0.0996224805712700,
0.8957331180572510,
-1.6033754348754883,
-0.7236328721046448,
-2.3319063186645508,
1.2373553514480591,
0.2306166440248489,
1.3837726116180420,
-0.0980596095323563,
-1.2345926761627197,
-0.6643432378768921,
0.0544901490211487,
1.0065922737121582,
0.5569398999214172,
-0.0527315996587276,
0.5869523286819458,
0.5532971620559692,
1.2928324937820435,
-1.3146631717681885,
-0.1459412127733231,
-0.8631460666656494,
0.9375930428504944,
0.5246223211288452,
-1.0428813695907593,
0.6953215599060059,
0.8085671663284302,
-0.2935552597045898,
0.1198154091835022,
-1.9047424793243408,
1.0987982749938965,
1.1685765981674194,
-0.0047755674459040,
-2.3878798484802246,
-0.7305054068565369,
-1.9646890163421631,
-0.8836712837219238,
3.4381442070007324,
0.5826768875122070,
0.1576473116874695,
-0.8425883650779724,
-0.3609619140625000,
0.2461653947830200,
1.7354375123977661,
-0.9922642111778259,
0.6319917440414429,
0.7266764044761658,
0.0790080130100250,
0.7146913409233093,
-0.1435961425304413,
-0.8561751246452332,
0.0039398660883307,
0.6427488923072815,
-0.8096026778221130,
-0.1079195290803909,
-1.7928733825683594,
-1.2349590063095093,
-0.9187561869621277,
-1.0607184171676636,
-0.7172219157218933]