[-0.0914534553885460,
0.9720266461372375,
1.1224752664566040,
0.9776117801666260,
-0.0666712597012520,
1.2163983583450317,
1.1916497945785522,
2.0428957939147949,
0.1437368541955948,
-0.6089174747467041,
-0.5126695036888123,
0.5979560613632202,
1.2411180734634399,
-0.4697387516498566,
0.8142593502998352,
0.0017503768904135,
-0.4343102574348450,
1.4085383415222168,
-0.5600175261497498,
-0.2414510548114777,
1.3958289623260498,
-1.8352608680725098,
2.4549694061279297,
-0.3535362780094147,
-0.1970279365777969,
0.8691128492355347,
0.6782191395759583,
-0.3001329302787781,
-1.3511801958084106,
1.7855175733566284,
-0.0545562729239464,
-0.4566648602485657,
0.7823049426078796,
0.7524761557579041,
-0.9943287968635559,
1.3140449523925781,
-0.2576735317707062,
0.2299681007862091,
0.2180509269237518,
1.5813839435577393,
-0.5778021812438965,
-2.2923681735992432,
1.3569095134735107,
0.2883554995059967,
-1.2175002098083496,
-0.5122876167297363,
0.7354608774185181,
0.8395959138870239,
-0.8015053272247314,
-1.8024148941040039,
0.6815762519836426,
1.5340093374252319,
-1.1430358886718750,
-0.3719306886196136,
-0.5959202647209167,
-0.3546077907085419,
0.0583542026579380,
1.2196813821792603,
0.4299819469451904,
0.8129207491874695,
1.5067496299743652,
-1.1590081453323364,
0.0865352302789688,
0.3872342407703400,
2.8656136989593506,
0.8751178383827209,
-0.6120832562446594,
-0.9508008956909180,
-1.6443458795547485,
-0.1281155496835709,
-0.5724495649337769,
0.2296076416969299,
2.2809789180755615,
1.0914280414581299,
1.5619853734970093,
1.1572657823562622,
-1.4617834091186523,
0.0757541507482529,
-0.1340043991804123,
-0.5076515078544617,
-0.8287917375564575,
1.3310002088546753,
0.6218767166137695,
-1.3325915336608887,
-0.0990669354796410,
0.2463637590408325,
-0.0395429395139217,
0.3798329234123230,
-0.1995642632246017,
0.5676419138908386,
-0.6339616775512695,
0.0686704069375992,
-1.1580702066421509,
1.7471452951431274,
1.6619887351989746,
-0.1215957477688789,
0.5677538514137268,
0.0947269722819328,
-1.1219753026962280,
-0.1974271833896637]