[1.0265402793884277,
0.1583265960216522,
-0.9767385721206665,
-0.8223876953125000,
-0.5493798851966858,
-0.4931809604167938,
-0.7106759548187256,
-1.7333534955978394,
0.4536497592926025,
-0.3688331842422485,
0.4441227614879608,
-0.1790444552898407,
1.2175973653793335,
-1.2138086557388306,
-0.6661087274551392,
-1.3186836242675781,
1.0971071720123291,
0.6048740148544312,
1.0127692222595215,
0.8856734037399292,
0.9075634479522705,
-0.2036412060260773,
0.3819448947906494,
-1.3371330499649048,
1.5163078308105469,
-0.0403059683740139,
0.5183713436126709,
0.5249812602996826,
0.6722875833511353,
1.6270467042922974,
1.3584151268005371,
-0.6486044526100159,
0.6118948459625244,
-0.3341476321220398,
0.3035732507705688,
-3.0423412322998047,
0.0279272273182869,
1.5734802484512329,
-1.7644217014312744,
1.3363406658172607,
-0.5336457490921021,
0.4458729624748230,
0.4212782979011536,
0.3703680932521820,
0.2535324394702911,
-0.1043270453810692,
0.8895388245582581,
0.2250542342662811,
-0.0019066120730713,
0.5825170278549194,
-0.1860612481832504,
0.4578136205673218,
0.4007692635059357,
-0.4084185659885406,
1.1761933565139771,
1.7088060379028320,
-0.4937611520290375,
0.1864166855812073,
0.3663846850395203,
-0.6082285046577454,
0.0169930178672075,
0.3893111050128937,
-0.1374107599258423,
0.1793716996908188,
0.9688983559608459,
-0.8480844497680664,
-0.4061329066753387,
0.4055426418781281,
0.8398264050483704,
1.5614527463912964,
-0.4218749105930328,
1.1589540243148804,
1.4960473775863647,
-1.3193987607955933,
0.7947046756744385,
1.7967942953109741,
0.2995809018611908,
-0.5365946888923645,
1.4897711277008057,
-0.3763577640056610,
-1.0649466514587402,
0.2179732918739319,
0.1570032536983490,
0.7250995635986328,
1.2492655515670776,
-0.0140200853347778,
0.3235718309879303,
0.7103915214538574,
-0.5826138854026794,
-0.5670093894004822,
0.1238129213452339,
-0.3562992215156555,
0.2918806374073029,
-0.8179545402526855,
0.8156737089157104,
2.0862495899200439,
1.7398686408996582,
-0.7721205949783325,
0.0899247154593468,
0.1032335907220840]