[-0.1919294595718384,
0.7706778645515442,
-0.1425026506185532,
-1.0767672061920166,
-0.4780096709728241,
-1.5022656917572021,
-0.0593168288469315,
0.9780126214027405,
0.1287102997303009,
-0.3124805092811584,
-0.5992656350135803,
0.6287935376167297,
1.1689909696578979,
1.2372044324874878,
-1.7407259941101074,
-0.4525673985481262,
-0.8552322387695312,
-0.6460785865783691,
-1.8479416370391846,
1.2581127882003784,
-0.2946588993072510,
0.2602029740810394,
-0.2778023779392242,
0.7360804080963135,
-1.0354030132293701,
-0.5708240270614624,
-0.9026497006416321,
-0.0486284829676151,
-0.8961386680603027,
1.1495770215988159,
1.2730257511138916,
0.3255777657032013,
0.2369470149278641,
-1.7220396995544434,
0.4152477383613586,
0.1903370767831802,
0.5532439947128296,
0.5781817436218262,
0.0359522700309753,
-0.3948665559291840,
0.5753483772277832,
0.4849200546741486,
0.8489432930946350,
0.0272045228630304,
-0.8979439139366150,
0.6342278718948364,
-0.1848047673702240,
-0.3345696926116943,
-0.4111058115959167,
-0.5047034025192261,
0.2198698818683624,
1.6982284784317017,
0.5586033463478088,
-1.1060686111450195,
0.9386586546897888,
-1.7333141565322876,
-0.8163064718246460,
0.2622313499450684,
-0.4785503447055817,
-1.9468690156936646,
0.9485777616500854,
-0.8110856413841248,
-1.2050856351852417,
-0.5173658132553101,
-0.8227491378784180,
1.1692112684249878,
0.6044698953628540,
0.3827840089797974,
-0.2914468050003052,
-1.3542259931564331,
0.2684628069400787,
-0.0897823423147202,
-1.3169584274291992,
-1.3171088695526123,
0.0012550428509712,
0.1723555922508240,
-0.1022474467754364,
-0.3154653608798981,
-1.4242557287216187,
0.0000767246674513,
1.1044652462005615,
-1.2314027547836304,
0.3297069668769836,
0.9338176250457764,
-0.0593565404415131,
-0.4584278464317322,
0.1706982851028442,
-0.7214584946632385,
-0.5782797336578369,
-0.5546030998229980,
-1.5363466739654541,
0.9809576272964478,
1.3983839750289917,
1.5655272006988525,
-0.8750634193420410,
0.5241267085075378,
-0.3676220774650574,
1.4313896894454956,
0.2848403751850128,
0.0028911344707012]