[-0.3595527112483978,
1.3888146877288818,
-0.2386889457702637,
-2.3694891929626465,
-0.5133078694343567,
-0.4099404811859131,
-0.0129111828282475,
-0.7454558610916138,
-0.4113370180130005,
0.7303636074066162,
1.0421657562255859,
1.7951077222824097,
-1.9212052822113037,
1.6021825075149536,
-0.8886317014694214,
0.9833589196205139,
-0.5900834202766418,
-0.7835395336151123,
0.4139571487903595,
-0.1366150677204132,
-0.8546104431152344,
1.5546184778213501,
-1.1374851465225220,
-1.1517051458358765,
0.0744187757372856,
-0.8485897183418274,
-1.0678398609161377,
0.3160296380519867,
-0.6404810547828674,
-1.6401985883712769,
0.6474200487136841,
-1.2507110834121704,
-0.2737590968608856,
-0.3699717521667480,
-1.3541414737701416,
-1.9040665626525879,
-0.8169524669647217,
-0.7726789116859436,
1.5890372991561890,
-0.6608038544654846,
1.5177491903305054,
-0.4435134530067444,
-0.0855964794754982,
0.0093520386144519,
-0.6128851175308228,
1.1825952529907227,
1.5214201211929321,
0.3579422831535339,
1.1192348003387451,
-0.7933928370475769,
1.4119504690170288,
0.5497981309890747,
-1.3293274641036987,
-0.3319242596626282,
-0.0488585717976093,
0.3936365842819214,
-1.3715341091156006,
1.2423199415206909,
-0.0394360460340977,
-0.4876906573772430,
1.6825395822525024,
-1.7443042993545532,
0.5097212791442871,
-1.2196340560913086,
0.6558787822723389,
-0.8497034907341003,
-0.5300177335739136,
-1.4270606040954590,
2.1552648544311523,
-0.2191467136144638,
0.5785529613494873,
1.2552551031112671,
-0.0668406635522842,
-1.1381186246871948,
-1.4978611469268799,
1.3926393985748291,
-0.5880861878395081,
0.1103654503822327,
1.2947024106979370,
0.2781663537025452,
0.1614730507135391,
-0.5146127939224243,
1.3069590330123901,
0.2135757207870483,
0.3138405382633209,
-0.2045486867427826,
-0.0767688080668449,
1.4816970825195312,
0.6731731295585632,
-1.7532294988632202,
0.4290520250797272,
-1.4983657598495483,
-2.3294706344604492,
1.1416423320770264,
2.0154919624328613,
-0.3246312141418457,
-0.1318966448307037,
0.2768419682979584,
-0.5809606909751892,
-1.0124739408493042]