[-0.5911553502082825,
-0.0340774059295654,
0.6832653880119324,
0.3400835096836090,
-0.9311911463737488,
-0.4449842274188995,
0.1495941728353500,
0.8177791237831116,
-1.0015457868576050,
-0.6191326379776001,
0.3040267229080200,
1.0038511753082275,
0.5580775141716003,
-0.3105868697166443,
0.1451381593942642,
-0.5236339569091797,
1.3597472906112671,
-1.0365449190139771,
-0.6766889691352844,
2.0500965118408203,
1.7319651842117310,
0.0893388837575912,
-0.1429299563169479,
0.2892231345176697,
-0.0913934484124184,
0.1050886437296867,
-0.3316563665866852,
-0.6310268640518188,
1.6130571365356445,
1.6478300094604492,
0.2612602710723877,
-1.5105944871902466,
1.2105251550674438,
1.6624807119369507,
2.6293718814849854,
0.1550677567720413,
-0.0205950532108545,
0.5509718656539917,
-0.5229993462562561,
-2.0653426647186279,
1.4237765073776245,
0.0754455775022507,
-0.8478607535362244,
-0.8627060651779175,
-1.3856458663940430,
1.1014796495437622,
-0.7118116617202759,
-0.6227365136146545,
-0.5296828746795654,
0.5473273992538452,
-0.2203325331211090,
1.2689213752746582,
0.8086981773376465,
-0.7168102264404297,
1.2241986989974976,
1.4882398843765259,
-0.2610411643981934,
1.0214241743087769,
0.8896598219871521,
0.4257868528366089,
-0.2347017973661423,
-1.6563178300857544,
0.4266962110996246,
1.7309525012969971,
0.0720989182591438,
0.4152410924434662,
-0.3679009377956390,
-0.7271893024444580,
0.2129365354776382,
-0.6650593876838684,
-2.8855876922607422,
-0.1896040290594101,
1.3714860677719116,
0.0932294949889183,
-1.5518366098403931,
-0.0202459972351789,
1.3667793273925781,
-1.2611078023910522,
-0.0602779276669025,
0.5340676307678223,
-0.5124566555023193,
0.2964145541191101,
2.1908171176910400,
0.2331837415695190,
0.1793086230754852,
-2.8280184268951416,
2.5682156085968018,
-0.0199512708932161,
1.1190576553344727,
-2.8379013538360596,
0.4630240499973297,
0.0085408939048648,
1.4754090309143066,
0.9752166867256165,
0.1550970673561096,
1.7874352931976318,
-0.1419059038162231,
0.2931534051895142,
2.5186195373535156,
-1.1126334667205811]