[-0.2611992657184601,
-0.4862774014472961,
0.9184730052947998,
-1.5911773443222046,
-1.9062799215316772,
1.4853903055191040,
-0.6397939920425415,
-0.3586984574794769,
0.7428745627403259,
1.2881503105163574,
0.0123982867226005,
-1.0246844291687012,
-0.2784162461757660,
0.5892652869224548,
-0.9808696508407593,
-1.0310838222503662,
1.8468022346496582,
0.2711953222751617,
-0.8921741247177124,
-0.3922659456729889,
1.8837728500366211,
0.1761848330497742,
-1.1094111204147339,
-0.3598552644252777,
-0.4826468229293823,
2.4667329788208008,
0.4279580712318420,
1.2490162849426270,
0.3542860448360443,
-0.0087971864268184,
0.2931985259056091,
-0.8905906677246094,
-0.2479326725006104,
-1.0999416112899780,
-1.9941730499267578,
0.8823879361152649,
1.4550458192825317,
0.1087191104888916,
-0.9295740127563477,
-1.2116935253143311,
0.0378178171813488,
0.9624522924423218,
1.2082158327102661,
-1.4819558858871460,
2.3688738346099854,
1.3405542373657227,
1.9378546476364136,
-0.0786873996257782,
-1.1096326112747192,
-0.9266511797904968,
-0.3770673573017120,
1.4325677156448364,
-0.7917423248291016,
0.4695375859737396,
-0.5810768604278564,
0.3054859340190887,
-0.1789154857397079,
-2.1121559143066406,
0.2972243130207062,
-0.5140490531921387,
-0.5428674817085266,
0.1866039782762527,
-0.4440964460372925,
-1.3677253723144531,
-0.6912023425102234,
0.9527419209480286,
-1.0732078552246094,
-0.5305105447769165,
-0.8032897710800171,
-0.3978033363819122,
0.8946928381919861,
-0.8484703302383423,
0.0853410363197327,
-1.4199461936950684,
1.3685241937637329,
3.3835742473602295,
0.0314259231090546,
0.2119066715240479,
0.3863546550273895,
-0.6982556581497192,
0.3136662542819977,
-0.0569081939756870,
0.5078498125076294,
0.5425437688827515,
-0.0743836611509323,
0.1491996198892593,
1.8992997407913208,
1.8056472539901733,
1.0193257331848145,
0.7708992362022400,
0.3944975137710571,
-1.5741103887557983,
-0.1227494105696678,
0.2614713609218597,
0.5251188874244690,
1.0118674039840698,
0.2589162588119507,
-0.0376061201095581,
-0.4789548814296722,
1.0790741443634033]