[-0.8275187611579895,
-1.2812916040420532,
-2.1794898509979248,
0.4665903449058533,
0.4756793975830078,
0.5688138008117676,
1.0127358436584473,
-0.3252682089805603,
-0.7772920727729797,
-1.0335218906402588,
0.6408371925354004,
-0.0685686394572258,
-0.0078620426356792,
0.3353157639503479,
-0.0327027440071106,
-0.3839815855026245,
-0.0743708088994026,
-0.3763626813888550,
-1.3701840639114380,
0.0326717384159565,
0.6183169484138489,
1.2888715267181396,
0.3373143374919891,
0.1277563422918320,
0.6870111227035522,
-0.3608466982841492,
-0.9815406799316406,
0.1512350589036942,
0.2988643646240234,
-0.5532721281051636,
0.4360341727733612,
-1.2529288530349731,
0.0986191183328629,
-1.6129186153411865,
1.7051523923873901,
0.8940855264663696,
-0.7309275269508362,
1.0940927267074585,
-0.4688122272491455,
1.0275001525878906,
-0.2992811799049377,
-0.2261654883623123,
0.1827369630336761,
-0.6275774240493774,
-0.2635259330272675,
1.8811148405075073,
1.0110204219818115,
0.0829915702342987,
0.7732325792312622,
-1.1224325895309448,
1.1655838489532471,
0.0157115738838911,
-0.5277554392814636,
2.3572478294372559,
1.5715252161026001,
-1.0693260431289673,
0.6382971405982971,
0.6402372717857361,
1.1657931804656982,
-1.9189800024032593,
-0.7018662095069885,
0.4949181079864502,
-2.8932144641876221,
0.5015205740928650,
2.0023784637451172,
-0.3671352863311768,
1.3756722211837769,
-0.4375959932804108,
-1.6241931915283203,
0.3634640276432037,
-1.0699698925018311,
2.0184292793273926,
-1.1184469461441040,
-1.4452465772628784,
-1.5436961650848389,
-0.3979057967662811,
-0.1503375172615051,
1.9176937341690063,
0.3153453767299652,
0.0393632650375366,
0.1710105836391449,
0.6163356900215149,
-1.3734275102615356,
0.2450013905763626,
-0.2273292988538742,
-1.0427063703536987,
0.4073321223258972,
-0.0730176120996475,
0.4761900007724762,
-0.6069332361221313,
-0.6481932997703552,
-0.4662849307060242,
0.1755316555500031,
0.5035713911056519,
-1.1150083541870117,
-1.2766977548599243,
-2.1151990890502930,
1.0847854614257812,
1.5592529773712158,
1.7278021574020386]