[-1.2580118179321289,
0.9270548820495605,
-2.4923326969146729,
-1.6943517923355103,
0.9123067259788513,
-1.3616281747817993,
-1.3860007524490356,
-0.2102339267730713,
2.5056719779968262,
-0.2051508873701096,
1.1715379953384399,
-0.3734930455684662,
2.1164667606353760,
0.8483457565307617,
1.2425246238708496,
-0.6889005303382874,
-2.6342244148254395,
-2.0918531417846680,
1.6547912359237671,
1.1260256767272949,
0.9209543466567993,
-0.6282387375831604,
0.0265992246568203,
0.1899050474166870,
0.1098645329475403,
0.0542591884732246,
0.5656575560569763,
-0.0262350942939520,
1.3588942289352417,
-0.0037073963321745,
1.3182424306869507,
0.6738355755805969,
-1.4108216762542725,
0.4934511780738831,
0.6571578383445740,
0.1003149226307869,
-0.7146847844123840,
0.2779118120670319,
-0.2953819036483765,
0.7700563669204712,
-0.4141740500926971,
1.0396312475204468,
0.8337244391441345,
0.0276900026947260,
-3.1309347152709961,
-0.1698663234710693,
1.2117508649826050,
-0.3869560658931732,
0.9092836976051331,
-0.6957291364669800,
0.4968602955341339,
0.1716744899749756,
-1.4920631647109985,
-0.3808751702308655,
-0.3674158751964569,
-0.8950633406639099,
-0.4944022595882416,
0.8940271735191345,
-0.2138575315475464,
0.0458118990063667,
0.8907995820045471,
-0.9078462123870850,
-0.1626835167407990,
0.2734109163284302,
-0.0487625189125538,
-0.2376698702573776,
0.3767341375350952,
-0.3105075359344482,
-1.3480085134506226,
0.8037917017936707,
0.7190899848937988,
1.3499491214752197,
-1.5362714529037476,
-0.4644072949886322,
0.7012923359870911,
-1.2626668214797974,
-0.0372191704809666,
1.7568519115447998,
0.1498615592718124,
-1.1295002698898315,
-1.3065956830978394,
-0.1314186304807663,
-0.6846229434013367,
0.9329276680946350,
0.9676259756088257,
-1.1748428344726562,
-1.1243648529052734,
0.1811205893754959,
-1.7762173414230347,
1.4068226814270020,
-2.3132252693176270,
-0.4308283925056458,
-0.3968363702297211,
0.4349092245101929,
-0.3063293993473053,
-0.0606240741908550,
-0.9723348021507263,
0.8796020150184631,
0.7828047275543213,
0.7035917639732361]