[-1.4939049482345581,
0.4149699509143829,
0.2921779751777649,
-1.7183424234390259,
0.2730691730976105,
0.9471767544746399,
-0.8224250674247742,
-1.4529458284378052,
-0.8682923316955566,
1.0428464412689209,
1.0692132711410522,
-0.7207509875297546,
-0.3474923372268677,
0.7580792903900146,
0.3451320230960846,
-0.5787931680679321,
0.6945714354515076,
-0.0110477339476347,
-0.0884096696972847,
0.5564960837364197,
-0.8288039565086365,
0.9641885757446289,
-1.3496541976928711,
-1.3249448537826538,
1.4586814641952515,
-0.9852362871170044,
0.5937069058418274,
-0.6708731651306152,
0.6178713440895081,
0.8125730156898499,
1.2351527214050293,
-0.0065932977013290,
-1.5247697830200195,
-1.7283761501312256,
-0.3352476656436920,
0.1084148958325386,
-0.2543267607688904,
0.0673679262399673,
-0.5048059821128845,
-1.0061104297637939,
-1.5511529445648193,
-0.2526481747627258,
1.2634683847427368,
0.5487399101257324,
-1.4080320596694946,
0.4850521683692932,
0.5891769528388977,
-0.2562836706638336,
-0.6778041124343872,
0.9018619060516357,
-0.1585023850202560,
-1.0626335144042969,
0.4806205928325653,
-0.6441310644149780,
-0.1509533077478409,
1.3599077463150024,
-1.9703718423843384,
0.1294705122709274,
-1.8028883934020996,
-0.9473625421524048,
0.5926395058631897,
2.6025247573852539,
0.4370462298393250,
-0.4354284703731537,
-1.0357366800308228,
-0.7335841059684753,
1.5589842796325684,
-0.0473050996661186,
1.4332841634750366,
2.2527592182159424,
-0.8395811915397644,
0.5909003615379333,
0.9134241342544556,
-0.1510391384363174,
-0.4886656403541565,
0.2049698233604431,
-0.5474411845207214,
1.2271223068237305,
-0.5521867275238037,
0.8004681468009949,
0.0489766187965870,
0.0810202136635780,
1.1454981565475464,
0.5386409759521484,
0.1122143343091011,
-0.9541266560554504,
-1.0333164930343628,
-0.5434543490409851,
-1.1490373611450195,
-1.8489005565643311,
0.1460194140672684,
0.0936376303434372,
-0.6797237396240234,
-0.7933948636054993,
0.2769973278045654,
-0.6984335780143738,
-1.0161707401275635,
-0.8838527798652649,
-0.9943661689758301,
1.5113599300384521]