[0.5274084210395813,
0.8878101706504822,
-2.8336677551269531,
1.0531514883041382,
-0.2763948142528534,
-0.4754723608493805,
1.1148182153701782,
0.0511397123336792,
0.2022016048431396,
0.7459111809730530,
0.3441224396228790,
1.6930605173110962,
1.0624983310699463,
-0.5444764494895935,
0.8412138223648071,
0.6858274936676025,
-0.4144816398620605,
-1.0983065366744995,
0.2510325908660889,
1.1509323120117188,
0.5252363085746765,
1.7535870075225830,
1.1767737865447998,
-0.6659069061279297,
1.1134662628173828,
0.8970714807510376,
-1.1969134807586670,
-0.2304508984088898,
-0.4883072078227997,
-1.6319892406463623,
0.3635919094085693,
-1.0466603040695190,
2.1370251178741455,
-1.6631697416305542,
-2.5512890815734863,
-1.0430706739425659,
-0.3917568027973175,
0.2142314463853836,
0.2717388272285461,
-0.0981894433498383,
-1.3932222127914429,
-0.8663890957832336,
-1.9434045553207397,
1.4445052146911621,
0.0489708296954632,
0.3372549712657928,
-1.4908012151718140,
1.1085326671600342,
1.9475871324539185,
-0.4135638475418091,
0.1324891597032547,
0.8474661111831665,
0.1825493425130844,
0.7382784485816956,
-1.0999337434768677,
0.3879396915435791,
-0.1715340316295624,
-0.7218893170356750,
0.8950073122978210,
1.4108535051345825,
1.0347293615341187,
2.3012025356292725,
0.7334226369857788,
0.1835927665233612,
0.0263515021651983,
-0.7306566238403320,
2.1654970645904541,
0.7118117809295654,
-0.0499813146889210,
-1.0958900451660156,
1.2040606737136841,
-0.0174457598477602,
0.7220143675804138,
-1.3247468471527100,
-0.3677949905395508,
0.5038477778434753,
0.1773105710744858,
-0.6436713933944702,
-1.6565326452255249,
0.6278508305549622,
0.8176313638687134,
0.4489062726497650,
-0.1116546094417572,
-0.7662499547004700,
2.8866696357727051,
0.1669965684413910,
-0.9114360213279724,
0.7713973522186279,
-0.4584665000438690,
-0.1779502928256989,
-1.3209372758865356,
0.7189506292343140,
-2.2085721492767334,
2.5671606063842773,
-0.4506503045558929,
-0.0471459962427616,
-0.6142018437385559,
0.4066355824470520,
-1.1209086179733276,
-1.7482632398605347]