[0.5270313024520874,
0.7058976888656616,
1.1496491432189941,
-0.2675632238388062,
-1.4915181398391724,
-1.9509063959121704,
0.6798206567764282,
0.6479274034500122,
0.1350200027227402,
1.1163432598114014,
-1.7092608213424683,
-2.4974248409271240,
0.6660458445549011,
1.1023784875869751,
0.7476524710655212,
1.7128546237945557,
-0.3836308121681213,
-0.9500969052314758,
-0.6833125352859497,
0.1361062526702881,
0.8992625474929810,
0.2750073373317719,
0.1347571760416031,
0.2170332372188568,
-1.0832809209823608,
-1.0853275060653687,
0.2717190682888031,
0.9354840517044067,
-0.3070664107799530,
0.4464060664176941,
0.4303154945373535,
-1.6905832290649414,
0.7864309549331665,
-0.0876734778285027,
1.5550594329833984,
-1.2253130674362183,
-0.7942263484001160,
1.9883971214294434,
0.4071693420410156,
0.1592487543821335,
0.9059012532234192,
-1.2631617784500122,
0.1208400130271912,
-0.1805735081434250,
-0.2548105716705322,
-1.2340550422668457,
1.3830513954162598,
-0.2471989989280701,
-0.1476811468601227,
-0.4469713568687439,
0.1338677704334259,
-0.4494091570377350,
-0.1919621229171753,
-0.7266861200332642,
-0.6124035716056824,
0.2935093641281128,
-0.0527238026261330,
-0.2862847447395325,
0.8786333203315735,
0.0804840549826622,
0.0839844569563866,
1.0819511413574219,
-0.8655461668968201,
-1.7649370431900024,
-0.4532635509967804,
1.0577642917633057,
-0.7151597738265991,
0.1731243729591370,
-0.0402816981077194,
-0.9407096505165100,
0.1880417764186859,
0.9874979853630066,
0.6456602215766907,
-2.7461385726928711,
0.7269123792648315,
0.6433804631233215,
-2.1229202747344971,
0.2479383796453476,
-0.7296622395515442,
-1.5606340169906616,
0.1351089328527451,
0.6750311255455017,
0.6672050356864929,
-0.2744078636169434,
-0.9599758982658386,
1.0114674568176270,
-1.0549095869064331,
-1.0397371053695679,
-1.2120151519775391,
-0.2508592307567596,
-1.6260038614273071,
-0.5201579928398132,
1.2912354469299316,
0.6344540715217590,
-0.4523837268352509,
0.5095477104187012,
0.8958607316017151,
-0.7010935544967651,
0.0121174212545156,
-0.7802156209945679]