[-1.1433668136596680,
-0.5589899420738220,
0.2510170638561249,
-0.5552605390548706,
1.3691607713699341,
-0.7637497186660767,
0.7994466423988342,
1.1948927640914917,
-0.3384511768817902,
0.4476582705974579,
1.2703987360000610,
-0.8176932930946350,
0.3307130038738251,
1.1259391307830811,
-0.4622865617275238,
-1.2894113063812256,
-1.3422991037368774,
0.5121809244155884,
-1.0685530900955200,
-0.0821861401200294,
-0.9869529604911804,
2.8614196777343750,
1.1835291385650635,
-0.6770545244216919,
-0.3646840155124664,
0.0966442674398422,
-0.2359231859445572,
-0.6000311374664307,
1.5330154895782471,
1.3149887323379517,
-1.2093265056610107,
-1.0749882459640503,
0.7499899864196777,
-0.5257908105850220,
-0.4247450530529022,
-1.0940754413604736,
0.0826730653643608,
1.0247716903686523,
0.5195963382720947,
-1.4087580442428589,
-0.2664010822772980,
0.6010386943817139,
1.0878458023071289,
0.5665004849433899,
0.6639931201934814,
-0.5148510932922363,
0.0139089962467551,
-1.4355759620666504,
0.1197485104203224,
0.1274520903825760,
-0.5903194546699524,
-0.8539330363273621,
-0.2410677820444107,
0.1284877806901932,
1.1700317859649658,
0.2458633631467819,
0.4229872524738312,
-1.8266382217407227,
0.5278179645538330,
1.3119041919708252,
0.7845158576965332,
-0.6176938414573669,
-1.5509209632873535,
-1.4892554283142090,
-0.9952111244201660,
1.8885225057601929,
1.4752328395843506,
-0.1557141691446304,
-0.5049324631690979,
0.4221272170543671,
0.2340569049119949,
-0.1261312663555145,
-0.2155936956405640,
-0.0928153768181801,
0.1026886031031609,
2.3974628448486328,
0.8952739834785461,
-0.1766095906496048,
0.4668379426002502,
-0.1287120431661606,
-0.9192222356796265,
-0.5263015627861023,
0.0846740230917931,
0.7564086914062500,
-1.0261501073837280,
-0.7247613668441772,
-1.1031396389007568,
0.9211927652359009,
0.3021194338798523,
1.4742273092269897,
0.1616995483636856,
-0.2344750165939331,
1.0000759363174438,
-0.4598198831081390,
1.6264634132385254,
0.4235284626483917,
-0.1841408014297485,
1.2715011835098267,
2.0804982185363770,
-0.8965455889701843]