[-0.1475457698106766,
-1.8234839439392090,
0.2029046714305878,
-1.8957309722900391,
-0.0000482435425511,
-1.6540945768356323,
0.2294500321149826,
-0.3054783940315247,
1.1413848400115967,
1.0713274478912354,
-0.4697190523147583,
-0.6308836340904236,
-2.4637663364410400,
-1.4371287822723389,
-0.5723699927330017,
0.3837112486362457,
0.6446270346641541,
0.1096518784761429,
0.1851848065853119,
0.0260017458349466,
0.0923217609524727,
-0.1870269924402237,
-1.0991601943969727,
0.4536975324153900,
-1.0954076051712036,
0.1775464564561844,
0.0850787386298180,
-0.4002948403358459,
0.0366177782416344,
1.4047967195510864,
1.7164205312728882,
-0.4743517935276031,
-1.1326404809951782,
-1.5602983236312866,
-0.8899595737457275,
-1.5677908658981323,
-0.1472921371459961,
-0.1557783633470535,
-0.8582011461257935,
-0.1794536858797073,
0.0847938060760498,
0.1917551904916763,
-0.2530161738395691,
-0.1988679617643356,
0.3287232518196106,
-1.4454255104064941,
0.4335409700870514,
2.5242400169372559,
0.4305914640426636,
0.0002568058553152,
1.2298533916473389,
-0.0426093488931656,
-0.5169216394424438,
-0.1807036399841309,
0.3343743383884430,
-0.1302368789911270,
0.0445669218897820,
0.4525073468685150,
1.4181673526763916,
-1.2407785654067993,
0.2363419383764267,
0.5635184645652771,
-1.8689014911651611,
-0.0228077173233032,
0.5945689678192139,
0.5678336620330811,
0.0341540202498436,
-0.5331519246101379,
-1.9847275018692017,
1.4825735092163086,
0.0478812828660011,
0.5308657288551331,
-0.1823291778564453,
-2.2331171035766602,
-2.4094393253326416,
-0.2133547961711884,
-0.0378156900405884,
-1.4436171054840088,
-1.2734360694885254,
1.3612260818481445,
0.0426683612167835,
-0.4071478843688965,
-0.4933610260486603,
0.3460053205490112,
0.9890176057815552,
-0.2936045527458191,
2.3509514331817627,
-1.3542059659957886,
-0.3580030202865601,
-1.0634464025497437,
0.1582978665828705,
-0.2296378910541534,
1.1730848550796509,
-0.2290387898683548,
-0.2409379035234451,
0.9340503215789795,
-2.2813529968261719,
-1.5808548927307129,
-0.8215165734291077,
-2.5578103065490723]