[0.1369712799787521,
-0.3298436701297760,
2.2634181976318359,
-1.0141872167587280,
0.4596595168113708,
0.0438699647784233,
-0.6544960141181946,
0.8250244259834290,
0.2566858530044556,
0.4809709191322327,
0.6366681456565857,
-0.3002601265907288,
-2.7155768871307373,
1.5789278745651245,
1.1821351051330566,
-0.7783257961273193,
-1.1493296623229980,
0.7954489588737488,
-0.4048388898372650,
-0.5584948658943176,
1.8299045562744141,
0.0775620117783546,
2.1300096511840820,
-0.7273342609405518,
-0.0313477180898190,
-1.5321857929229736,
1.1890742778778076,
1.2828248739242554,
-1.6885280609130859,
0.2614256143569946,
-0.0096068941056728,
-0.6635034680366516,
0.9869874715805054,
0.3827968537807465,
0.8530090451240540,
-1.3849309682846069,
-1.5099238157272339,
0.2198848873376846,
-0.7974429130554199,
-0.9729275703430176,
0.4774051904678345,
-0.5670640468597412,
0.5632097721099854,
0.0799454152584076,
-0.6099396347999573,
-1.3409106731414795,
1.7286660671234131,
-0.2207292765378952,
-0.7002664804458618,
0.2279264330863953,
-1.2167471647262573,
-0.4769178032875061,
-1.4376001358032227,
-0.7723230719566345,
-1.0843762159347534,
0.1037590429186821,
-1.2335634231567383,
-0.8323988914489746,
-1.4054898023605347,
-0.6637573838233948,
-0.3501854836940765,
1.2781547307968140,
0.9156695008277893,
0.1242342740297318,
-0.2360451966524124,
-1.3998752832412720,
0.0701343342661858,
0.5143399238586426,
-0.8743361234664917,
2.2794263362884521,
-0.2339015603065491,
1.0965901613235474,
0.3401669263839722,
0.2177350670099258,
0.6551040410995483,
-1.2986829280853271,
0.1710572987794876,
-0.3233090341091156,
0.9519495964050293,
1.6397072076797485,
1.3551820516586304,
0.0705249607563019,
0.7600712180137634,
-0.8666067123413086,
1.5210999250411987,
0.3893449902534485,
-3.1740508079528809,
0.3473522961139679,
-1.3281657695770264,
0.7559241056442261,
-0.9661762118339539,
0.6006973385810852,
0.1334303766489029,
1.3798214197158813,
2.2754280567169189,
0.3838938772678375,
0.3934369981288910,
1.6598381996154785,
-0.0288433637470007,
0.5252199172973633]