[1.1898658275604248,
-1.3456925153732300,
-0.8969284892082214,
1.3255484104156494,
0.5350461006164551,
-0.6878159046173096,
-0.5130136609077454,
1.7755639553070068,
0.3176567852497101,
0.2043828815221786,
-0.4864625036716461,
-0.0303375069051981,
-1.4104602336883545,
-0.6128009557723999,
-0.7939196228981018,
2.2625250816345215,
-2.8363931179046631,
-1.0168249607086182,
0.7495123147964478,
0.8974522352218628,
-0.7439197301864624,
0.9011610746383667,
1.6507930755615234,
0.1545983254909515,
1.4286961555480957,
-0.4361656010150909,
-0.2794388830661774,
3.5095331668853760,
0.4258452355861664,
-0.4524693787097931,
-0.1230314671993256,
0.1502103358507156,
0.1222649812698364,
-1.0108182430267334,
-0.4852668941020966,
0.1177038699388504,
0.2084590494632721,
-0.3461286127567291,
0.3263033926486969,
0.8212988972663879,
-0.9677671194076538,
-1.0044122934341431,
-1.2532187700271606,
1.1778535842895508,
-1.0248311758041382,
-0.0120106302201748,
-0.2704350352287292,
2.2783777713775635,
1.8738508224487305,
-1.3718153238296509,
-1.7558732032775879,
-0.8617661595344543,
-1.1181985139846802,
-0.3759771287441254,
-0.0864461809396744,
-0.2616292536258698,
-0.4256545603275299,
0.3768869340419769,
-3.4089555740356445,
-0.1959157139062881,
-0.7596706748008728,
0.3940852582454681,
0.6966790556907654,
-1.2529686689376831,
1.3869919776916504,
0.2462333738803864,
0.4571690559387207,
-0.4135541915893555,
-0.9616982936859131,
1.0275678634643555,
1.1893579959869385,
-2.1592540740966797,
2.7129685878753662,
-0.8683112859725952,
-0.5416980385780334,
0.3316465020179749,
2.2662467956542969,
1.0453416109085083,
0.2836902737617493,
1.0833530426025391,
-0.4909922182559967,
0.7792214155197144,
-0.1342425942420959,
-0.7877743244171143,
0.9325392842292786,
-0.3127846419811249,
0.5699087381362915,
-0.1947436481714249,
0.6919395327568054,
-1.8631160259246826,
0.2809913456439972,
1.1793144941329956,
-1.0129327774047852,
0.0673188194632530,
1.1815459728240967,
-0.2211736589670181,
0.0533094219863415,
0.6255692243576050,
1.0372781753540039,
-0.0865420401096344]