[-0.0639998912811279,
-2.0617728233337402,
2.1044573783874512,
0.8903381824493408,
-2.3739111423492432,
-1.4053717851638794,
-0.9469320178031921,
-0.6242385506629944,
0.7111076116561890,
-0.2004963755607605,
-0.7068409919738770,
-1.3263106346130371,
1.8666888475418091,
0.8396465778350830,
0.9277319312095642,
-0.2750595510005951,
-0.0902099087834358,
-0.6946478486061096,
-0.4220263659954071,
-1.0992757081985474,
-0.8502676486968994,
-0.1203470304608345,
-0.2693976461887360,
-1.1289741992950439,
-0.0776030570268631,
1.9429883956909180,
1.3229446411132812,
2.3542199134826660,
0.7940877079963684,
-1.8310931921005249,
-0.3048224449157715,
-0.9836981892585754,
0.5217581391334534,
-1.3068619966506958,
-0.4725003540515900,
-0.4430953860282898,
-0.0879523903131485,
1.1057673692703247,
0.8662824034690857,
-0.3144507110118866,
0.3633412718772888,
0.9299244880676270,
1.3517929315567017,
-0.9930865764617920,
0.1929062604904175,
-0.5855373740196228,
-0.4490807652473450,
1.0236260890960693,
1.2442948818206787,
-1.1496396064758301,
-0.6531074643135071,
-1.5331852436065674,
0.9490684866905212,
-0.4173427224159241,
-0.2138095051050186,
-0.3377335965633392,
0.0059631392359734,
-0.3052773177623749,
-0.3027051389217377,
0.6874744892120361,
-0.1186261028051376,
-1.1717091798782349,
-0.3797210454940796,
0.7858387231826782,
1.7906894683837891,
1.3933938741683960,
0.8856786489486694,
-0.7260448932647705,
1.4434844255447388,
-0.5706723332405090,
-0.5436166524887085,
0.8332766294479370,
1.6721920967102051,
-0.5409674644470215,
-0.4929987788200378,
1.5288629531860352,
0.1154315918684006,
0.0472971498966217,
1.6636831760406494,
0.5711236000061035,
0.4923806190490723,
0.1227280870079994,
2.4196169376373291,
-0.6857450604438782,
0.6163359284400940,
-0.2608693540096283,
-0.6293379664421082,
0.1628686040639877,
0.6067648530006409,
0.6388087272644043,
0.0876371115446091,
-0.5665622949600220,
-0.0289547722786665,
2.4705655574798584,
1.5170371532440186,
0.2377609312534332,
-1.0969002246856689,
-0.5760613083839417,
0.2469066232442856,
1.4026932716369629]