[1.3371373414993286,
0.0389850474894047,
0.7198269963264465,
-0.8710055947303772,
1.0570188760757446,
0.9848533868789673,
-0.8604209423065186,
-0.9423426389694214,
0.7261047959327698,
1.0449837446212769,
0.4972052872180939,
0.9841427206993103,
0.0745251998305321,
1.7997865676879883,
2.3531544208526611,
0.7466538548469543,
-0.3161269128322601,
2.7696254253387451,
-1.3743065595626831,
-0.7262488603591919,
1.1663783788681030,
-1.3838163614273071,
-1.2199594974517822,
-0.3855367600917816,
-0.7646677494049072,
-0.2656664848327637,
-0.5000334382057190,
0.9588038921356201,
-0.2491500079631805,
-0.9191443324089050,
0.1146474927663803,
-0.0706981867551804,
-0.2014005780220032,
1.8227311372756958,
-1.2810518741607666,
-2.4657511711120605,
-0.6125579476356506,
-0.0677065178751945,
-0.0399005673825741,
-0.1309507191181183,
1.2007584571838379,
-1.5436238050460815,
-0.0816397592425346,
-0.5291765928268433,
0.0167090296745300,
1.5567203760147095,
1.6700817346572876,
-0.6898553371429443,
0.3060520887374878,
0.4470685422420502,
-1.1836742162704468,
1.2045930624008179,
-0.2680502831935883,
-1.0403569936752319,
-0.6773191690444946,
-1.6113851070404053,
1.1879937648773193,
0.5025525093078613,
-0.5953787565231323,
1.2312358617782593,
0.0017832963494584,
-0.6302421689033508,
1.8694832324981689,
0.1312380433082581,
0.2194580584764481,
1.9234668016433716,
-0.1116979867219925,
-1.1189539432525635,
-1.2940073013305664,
-0.4377694427967072,
0.3513620793819427,
0.4111367464065552,
0.2569482028484344,
-0.1908496767282486,
-2.8474159240722656,
0.2035752832889557,
-1.0403718948364258,
-0.4738078117370605,
0.6072100400924683,
0.8465272188186646,
-0.2766236364841461,
0.2406960129737854,
-1.0951910018920898,
-0.5524522662162781,
0.1078653857111931,
0.2887358069419861,
2.4893753528594971,
0.1570657491683960,
-0.7033807039260864,
-0.1213249564170837,
-1.5486005544662476,
-0.5834805965423584,
-2.3099372386932373,
0.8110694885253906,
1.1954674720764160,
0.0145170427858829,
-0.6598337888717651,
2.4249806404113770,
0.0131257772445679,
-0.4321910142898560]