[-0.0658703669905663,
0.6629816889762878,
0.8161064386367798,
0.6833159923553467,
0.3164769411087036,
-0.4466212391853333,
-0.6101891994476318,
0.6356492638587952,
-1.3598393201828003,
0.0837815627455711,
-0.3757649958133698,
-1.4474321603775024,
0.1046944186091423,
2.2545084953308105,
-0.1975611001253128,
0.8271692991256714,
0.4008508026599884,
0.1264499723911285,
-0.8681300282478333,
-1.1920075416564941,
-0.5087855458259583,
-1.7711993455886841,
-0.9484481811523438,
-0.1355052441358566,
-0.2675062417984009,
0.5888365507125854,
-0.1000792607665062,
0.5504573583602905,
-0.1622379571199417,
1.1018202304840088,
-1.4268969297409058,
0.3506763577461243,
-0.0874277800321579,
-0.6869872808456421,
0.2376840859651566,
-0.9711887240409851,
-0.2793491482734680,
-0.5744576454162598,
0.6066862344741821,
0.1845656931400299,
0.2254180163145065,
-0.2140590548515320,
-0.5266586542129517,
-0.6934046149253845,
-0.3881194293498993,
0.5415648818016052,
0.0382091440260410,
-1.3280136585235596,
1.0533035993576050,
-0.4419077634811401,
1.0324192047119141,
0.1396398097276688,
-0.2003642618656158,
-0.2101631015539169,
0.2858260273933411,
0.6066805720329285,
-2.7275145053863525,
-0.2106171250343323,
0.6270045042037964,
-0.7051914930343628,
-0.1315080374479294,
-0.4284713268280029,
0.9353685379028320,
-0.0149506162852049,
0.9961711168289185,
0.4061880111694336,
-1.9062060117721558,
-0.9298323392868042,
0.1997723132371902,
0.9837902784347534,
0.1786426007747650,
0.8748898506164551,
1.0676531791687012,
0.7856087684631348,
-1.4020411968231201,
-1.3542283773422241,
-1.0096148252487183,
-2.7151539325714111,
2.1783180236816406,
0.5891349315643311,
0.6910922527313232,
-2.0335316658020020,
1.2057951688766479,
-1.0355883836746216,
1.5516372919082642,
0.8143197894096375,
-0.4296337366104126,
0.4342581927776337,
0.1498891562223434,
-1.5210756063461304,
-1.6851549148559570,
0.9706211686134338,
1.2819501161575317,
0.3125126957893372,
-0.2091922014951706,
-0.4590868949890137,
0.8877535462379456,
-0.5131876468658447,
-0.2820322513580322,
-0.3287101387977600]