[0.0452093519270420,
0.4678780734539032,
-0.1614025831222534,
-0.8711749911308289,
-2.5328738689422607,
-0.4935339391231537,
-0.2879126667976379,
0.6916931271553040,
1.1767369508743286,
1.7067596912384033,
0.1420485228300095,
-0.2077493369579315,
0.0478306747972965,
0.8952641487121582,
0.7118160128593445,
-1.5622932910919189,
0.4288524687290192,
-0.4128712713718414,
-0.0835624858736992,
0.8013427853584290,
-0.3605922758579254,
0.5081661939620972,
-0.0144255179911852,
1.3920292854309082,
0.3304628133773804,
0.8307095170021057,
0.9211992025375366,
0.4504142701625824,
-1.1260131597518921,
0.2496554255485535,
0.0585449710488319,
0.2124596387147903,
-1.4431325197219849,
-1.0915230512619019,
-0.4438863694667816,
-0.7560698986053467,
1.2654961347579956,
0.2609070837497711,
0.2330290377140045,
0.7906177639961243,
2.3429811000823975,
-0.8302388787269592,
1.1154896020889282,
-1.6784248352050781,
1.0089943408966064,
-1.6299327611923218,
0.8238762617111206,
0.1964507997035980,
0.2619043886661530,
0.9006941914558411,
0.7540248036384583,
0.5009006857872009,
0.0775805264711380,
-0.9705683588981628,
-0.2542911469936371,
0.0689013600349426,
0.3917386531829834,
0.6693345904350281,
1.2490546703338623,
-1.4764207601547241,
0.6437742114067078,
0.5829464197158813,
-0.5597726106643677,
-2.0161969661712646,
1.0343153476715088,
0.8021695017814636,
2.0244224071502686,
-1.5963711738586426,
-1.3295795917510986,
-0.4012184441089630,
0.4695897400379181,
0.5407149195671082,
0.8170849680900574,
-0.3745559155941010,
0.7314707636833191,
1.4377686977386475,
0.2020631283521652,
-0.7964525222778320,
-1.0721412897109985,
-0.0286564622074366,
-1.0786942243576050,
-0.2542333602905273,
0.8563386201858521,
2.0106139183044434,
-0.1729422807693481,
0.0479655712842941,
-0.1355095505714417,
2.1455543041229248,
-1.4502682685852051,
0.2219791710376740,
0.1260525435209274,
-0.4605880975723267,
0.8120731115341187,
0.6240093111991882,
-0.1645914912223816,
0.7703583240509033,
0.5263679623603821,
-0.0409955903887749,
1.0153584480285645,
-0.7601528763771057]