[0.2994610965251923,
-2.6428585052490234,
0.7233136296272278,
0.8390920162200928,
0.3203876614570618,
1.8011391162872314,
0.3079316616058350,
-1.0945725440979004,
-0.3583469092845917,
0.1970628798007965,
-2.3221840858459473,
2.6447763442993164,
0.8298611640930176,
-1.3446326255798340,
-0.0913435667753220,
-0.1675099730491638,
-0.9618344902992249,
-1.9903728961944580,
-1.6587568521499634,
0.2855901718139648,
0.1388269215822220,
0.0884042531251907,
0.0531314387917519,
-0.7923781871795654,
-0.9542126655578613,
2.2402086257934570,
-0.0182174053043127,
1.2306914329528809,
-0.3456291556358337,
-0.4904598891735077,
0.6128410100936890,
3.0974609851837158,
0.3216137588024139,
0.8502882122993469,
0.6470543146133423,
1.2965465784072876,
1.1154044866561890,
-1.0094980001449585,
0.6205565929412842,
0.4542126953601837,
0.8401968479156494,
-2.0187942981719971,
-0.3963982760906219,
-0.5167348384857178,
-2.3362267017364502,
0.7005530595779419,
-0.2804567515850067,
1.4555810689926147,
-2.0927884578704834,
-0.7141631841659546,
0.4717465639114380,
1.9486953020095825,
0.2693808972835541,
-1.3431543111801147,
-0.4188507199287415,
-0.3944816887378693,
1.8266992568969727,
0.7912219762802124,
-1.5332196950912476,
-0.8693944811820984,
-0.2986105382442474,
-0.7647802829742432,
0.8588030338287354,
-0.0824726074934006,
0.2082462161779404,
-0.1553401648998260,
-1.3990508317947388,
-0.3638449609279633,
0.4769185781478882,
-0.1941484808921814,
0.3998847007751465,
-0.8020793795585632,
0.0719011574983597,
-1.3454346656799316,
1.4525600671768188,
0.7868196368217468,
-0.3848686516284943,
-0.6554520130157471,
-1.4504566192626953,
-1.2058416604995728,
1.6920998096466064,
1.7633957862854004,
-0.1035494655370712,
-1.7408887147903442,
-0.4414238631725311,
-0.7707518935203552,
1.4733405113220215,
-0.6032773852348328,
-0.3394666016101837,
1.1822892427444458,
-1.5273609161376953,
-1.2709726095199585,
-0.8510947227478027,
0.9289596676826477,
-1.4185048341751099,
-0.5887886881828308,
0.5308641791343689,
1.0547804832458496,
-0.8609408736228943,
-0.6234467029571533]