[-0.2222047895193100,
0.0659844353795052,
-0.4234390854835510,
0.9102856516838074,
0.6335303783416748,
0.7561277151107788,
-0.0749582797288895,
-1.7076045274734497,
-2.3721325397491455,
-0.1934664249420166,
-1.3324587345123291,
-0.1154530346393585,
-0.0781021416187286,
-1.1523818969726562,
-1.8589173555374146,
1.2233806848526001,
1.4580643177032471,
-0.4720576405525208,
0.3278807997703552,
-2.0288484096527100,
-0.3403124809265137,
-0.2886422872543335,
-0.2189337760210037,
1.6004321575164795,
-0.8754361271858215,
-0.3439849019050598,
-1.8153479099273682,
0.1567634940147400,
0.9019455909729004,
-1.8878946304321289,
0.7027887105941772,
1.0068502426147461,
-0.0045318994671106,
-1.6366206407546997,
-0.6526481509208679,
-1.8301736116409302,
-1.5699907541275024,
-0.3903047144412994,
-0.0969067066907883,
-1.7272473573684692,
-0.0098672872409225,
-0.3704791963100433,
-0.4567581415176392,
0.6975854039192200,
0.7029122710227966,
1.6837236881256104,
0.2266539037227631,
0.6762753129005432,
1.7228988409042358,
1.4137505292892456,
-0.1725062131881714,
-0.0855757594108582,
-0.5033485293388367,
-2.1081471443176270,
-0.3378280699253082,
-0.2584115266799927,
1.1502851247787476,
-1.4305595159530640,
0.1935333162546158,
-1.8465707302093506,
0.1552025079727173,
0.9443478584289551,
0.8907504677772522,
0.3843179643154144,
0.5932935476303101,
1.1157335042953491,
-0.6536419987678528,
-1.5855700969696045,
0.7400847673416138,
-0.4368374943733215,
0.2607329785823822,
0.3348410725593567,
-1.4487755298614502,
0.1062237173318863,
-0.3152888417243958,
-0.3635739088058472,
-0.6827243566513062,
-0.9496818780899048,
-0.1903225481510162,
-0.0358481667935848,
0.6122145056724548,
-0.3510380983352661,
-1.7044500112533569,
-0.5482386946678162,
0.5549539923667908,
0.4793572723865509,
0.0133594898506999,
-1.9613147974014282,
-1.5444130897521973,
0.0552404932677746,
2.3219938278198242,
0.2923019230365753,
-0.1189903467893600,
1.2167730331420898,
0.1003120318055153,
-0.0950613841414452,
-0.3139773607254028,
-0.2667323350906372,
0.8933176398277283,
0.7752112150192261]