[0.6113153696060181,
-0.8951096534729004,
0.6615810394287109,
0.3109009563922882,
2.8454098701477051,
0.2901996076107025,
0.0438074059784412,
0.1692347526550293,
-1.6040688753128052,
0.4483670294284821,
0.5543980598449707,
-0.1526683121919632,
1.6647561788558960,
0.1996991038322449,
-2.2989618778228760,
-1.3098138570785522,
-1.4729511737823486,
0.0023281846661121,
1.4325122833251953,
-0.7621292471885681,
0.3212505280971527,
3.0126640796661377,
0.9104096889495850,
0.6361811161041260,
0.0106207821518183,
-2.0243275165557861,
-0.0977270901203156,
0.0120133925229311,
1.8833158016204834,
0.7041069269180298,
0.0724364072084427,
0.8785861730575562,
-0.0612399242818356,
0.8100631237030029,
1.9664659500122070,
-0.8403553366661072,
0.4779396653175354,
0.5092226862907410,
1.5456434488296509,
0.6049892902374268,
-0.2554054558277130,
-0.6071578860282898,
-0.3413296043872833,
-2.0604958534240723,
-0.5669005513191223,
-1.0040061473846436,
0.5465569496154785,
1.2184958457946777,
0.4153918921947479,
0.3148332834243774,
0.9859285950660706,
0.3993081450462341,
2.2191538810729980,
1.1480227708816528,
0.2109658122062683,
-1.1230641603469849,
0.6755077838897705,
-0.7605538368225098,
-0.7509293556213379,
1.2040679454803467,
0.6384336948394775,
1.9925427436828613,
-0.1223805323243141,
2.1083319187164307,
-0.2811870276927948,
-1.0174634456634521,
0.9058020114898682,
-0.5184571146965027,
1.3420165777206421,
0.2881490886211395,
0.9879434704780579,
-1.6612982749938965,
0.3541492521762848,
-0.4982098042964935,
-0.0229213498532772,
1.1095434427261353,
-1.4902242422103882,
0.6944004893302917,
0.6845530867576599,
-0.6621721386909485,
-0.4389708936214447,
-0.4169797599315643,
-1.1334818601608276,
0.8678429126739502,
-0.9218608736991882,
-0.9038531184196472,
0.3452422320842743,
-1.5380003452301025,
0.3928935229778290,
-0.4376663863658905,
-0.0992071703076363,
-0.7458360195159912,
-0.8657721281051636,
1.0628802776336670,
0.0782027021050453,
-0.0561117492616177,
0.8350923061370850,
1.4660245180130005,
0.5377681255340576,
-0.4176521003246307]