[-0.1331784576177597,
-0.7611607313156128,
-0.3630973994731903,
-0.8244881033897400,
1.0687484741210938,
0.9276429414749146,
-0.2529605925083160,
1.0128798484802246,
0.5100746750831604,
0.9266987442970276,
-2.2680571079254150,
-0.0686095133423805,
-0.1932764500379562,
-0.7612708210945129,
0.2195380330085754,
1.6735671758651733,
1.6735571622848511,
0.8066041469573975,
0.7635130882263184,
-1.2914433479309082,
0.3776777982711792,
0.8907316923141479,
-0.9933028817176819,
1.0804907083511353,
-0.3611097633838654,
0.6135073304176331,
-0.8379287719726562,
0.3855181634426117,
0.4501215219497681,
-0.1663456708192825,
0.2433033883571625,
0.4173803329467773,
-0.0621646903455257,
-0.4015847146511078,
1.2477287054061890,
-0.6307505965232849,
-0.5204692482948303,
-0.4454123079776764,
-1.8141381740570068,
-0.0472278036177158,
-1.1542682647705078,
-0.2629295289516449,
-0.1011638641357422,
-0.7450171113014221,
-0.0546765327453613,
-0.1757749617099762,
-1.4848699569702148,
0.8898607492446899,
0.1174533218145370,
0.9924513697624207,
0.5923654437065125,
-1.2248413562774658,
-1.7137641906738281,
0.9040232300758362,
0.6790163516998291,
-0.8987250924110413,
0.4499081671237946,
-0.1380059272050858,
0.3081409931182861,
0.1508759111166000,
-0.3435375094413757,
0.8414802551269531,
-1.4471555948257446,
-0.6561508774757385,
0.3985418975353241,
1.8887032270431519,
0.4994466602802277,
1.1660162210464478,
-0.2674638926982880,
-0.1668962389230728,
1.2541731595993042,
-0.6748346686363220,
-1.9610515832901001,
-1.1629995107650757,
1.6597155332565308,
0.5730540156364441,
-0.7497750520706177,
0.4424099624156952,
-0.4210285842418671,
0.8939785957336426,
1.2569468021392822,
0.4003158211708069,
0.3241722285747528,
0.3731720447540283,
2.2740182876586914,
-0.6719050407409668,
-0.3418410122394562,
0.1443545073270798,
-1.1095399856567383,
1.7184627056121826,
0.4386937618255615,
1.5494436025619507,
0.2674632966518402,
0.1674044281244278,
0.2700771689414978,
0.8742646574974060,
0.0448252074420452,
0.2535378038883209,
2.2165193557739258,
1.7546575069427490]