[-0.8339862227439880,
0.7966421842575073,
-0.7031647562980652,
-0.3556779921054840,
0.1357769668102264,
0.6442723870277405,
0.2579014301300049,
0.0626148879528046,
-1.4119840860366821,
-0.8275777697563171,
-0.3578655421733856,
-1.0730972290039062,
0.5843036770820618,
0.7913836836814880,
0.8219241499900818,
0.6624298691749573,
-1.0600619316101074,
-1.5935062170028687,
-0.4067098498344421,
0.1901255398988724,
-0.0385282412171364,
0.6157041788101196,
0.9178400039672852,
0.9444836974143982,
-0.1079247891902924,
0.2370586544275284,
-1.6013422012329102,
1.5034879446029663,
-0.1704932600259781,
-0.9652981162071228,
-0.1540010422468185,
0.9685184955596924,
0.8257980346679688,
1.3291910886764526,
-0.3749882578849792,
1.5020438432693481,
-0.0868273079395294,
0.6689941287040710,
0.2880604267120361,
-0.5259742736816406,
-1.0862979888916016,
-1.4417284727096558,
1.2061921358108521,
-0.2490060478448868,
-0.7919266819953918,
0.5298014879226685,
0.1783835291862488,
-1.0313658714294434,
1.5123878717422485,
0.4398622214794159,
0.2482512593269348,
0.7587178349494934,
-0.2014591395854950,
0.2501570582389832,
0.1755816489458084,
-0.4996968805789948,
-0.2956899106502533,
-1.7156387567520142,
-0.7232564091682434,
1.1910310983657837,
-0.8281040191650391,
0.0611755251884460,
-1.2991987466812134,
-0.7377902865409851,
1.1262179613113403,
-2.1815602779388428,
1.8621026277542114,
-0.3931633830070496,
0.1084655448794365,
-0.5613517761230469,
0.5220600962638855,
-1.6460146903991699,
1.3635517358779907,
0.9021321535110474,
0.2643673419952393,
0.1728686839342117,
-0.9975058436393738,
-0.4093995690345764,
-0.5252392888069153,
0.2164213061332703,
-0.3236617743968964,
0.5402690768241882,
1.4734566211700439,
0.6942139863967896,
1.0767500400543213,
0.6795840859413147,
1.0561585426330566,
0.0834558159112930,
0.0327364243566990,
0.1161371544003487,
-0.3799051046371460,
-0.4811629652976990,
-0.7327031493186951,
0.4715054631233215,
1.2078598737716675,
-0.3949148058891296,
-0.8261997699737549,
0.5679200291633606,
-0.6061016917228699,
-1.0560597181320190]