[-0.8632434010505676,
0.3653532862663269,
-0.8951399922370911,
0.8324033021926880,
-1.7449134588241577,
-0.0405981205403805,
0.9951266646385193,
-0.3896058797836304,
-1.6105245351791382,
0.8712638020515442,
-0.6825488805770874,
0.9939466118812561,
2.0388877391815186,
0.6599431633949280,
-0.4386115670204163,
-0.6720125675201416,
1.2913523912429810,
-0.4143678247928619,
2.4492595195770264,
-0.1176493763923645,
-0.0507365278899670,
-0.2978674471378326,
-0.1131756901741028,
1.6190793514251709,
0.1327884346246719,
1.3524214029312134,
0.0840314552187920,
-0.7815495729446411,
0.5086681246757507,
0.0924263373017311,
-0.3857043385505676,
1.5028359889984131,
-1.4694894552230835,
-0.9507039785385132,
0.5080060362815857,
-0.1331203281879425,
0.5780076384544373,
0.5903626084327698,
-1.2970824241638184,
-0.4116631150245667,
-0.6687427759170532,
-0.3045032322406769,
0.9043253064155579,
0.5786766409873962,
-0.4657652080059052,
0.2994151711463928,
-1.1371848583221436,
1.3528189659118652,
2.3329546451568604,
-0.1609977632761002,
0.6500971317291260,
-0.0197495725005865,
-0.1563181281089783,
0.9468225240707397,
1.5299360752105713,
0.3139039874076843,
-1.3471615314483643,
-0.2607132792472839,
-3.1137142181396484,
0.0420168675482273,
0.1780634075403214,
1.4272816181182861,
-0.8760977983474731,
1.5813744068145752,
-0.3745388090610504,
-0.4552072286605835,
-0.0461209863424301,
0.4772840142250061,
1.6745961904525757,
0.2864832282066345,
0.6008644700050354,
-0.6830508708953857,
-0.2537046968936920,
-1.9039180278778076,
1.4333764314651489,
0.5158753395080566,
0.7608102560043335,
-1.0072948932647705,
0.5535793900489807,
0.1899554282426834,
0.4522269666194916,
-1.8744400739669800,
-0.6604409217834473,
1.5346698760986328,
-0.1462826877832413,
1.8775027990341187,
-0.1501924991607666,
0.5237764716148376,
-0.2614154517650604,
1.2872356176376343,
-0.2872388362884521,
-0.7242279052734375,
0.8823839426040649,
-1.7843638658523560,
-1.6070239543914795,
0.0019035434816033,
0.2977130115032196,
0.7111536264419556,
-0.8579318523406982,
-0.7983158826828003]