[-0.6065485477447510,
-0.7335917353630066,
0.8540724515914917,
0.6656447052955627,
-1.0042116641998291,
-0.5518586039543152,
-1.4805463552474976,
-0.0510487146675587,
-1.0934312343597412,
1.0110282897949219,
1.5604801177978516,
1.4249624013900757,
-0.6082479953765869,
-0.6915379762649536,
0.4850215017795563,
0.4555360972881317,
1.4320542812347412,
0.5956477522850037,
0.5210862159729004,
0.7595799565315247,
-0.0602332353591919,
-0.3074148595333099,
0.2235049009323120,
1.7440878152847290,
0.5280733704566956,
-1.3982408046722412,
0.3148594796657562,
-0.0926553681492805,
0.4317261278629303,
-0.5352201461791992,
0.6731044054031372,
1.4243153333663940,
0.1829272657632828,
-0.6217938661575317,
0.1976493000984192,
0.3337002694606781,
0.5972521901130676,
1.1866370439529419,
-0.7127784490585327,
0.9911670684814453,
0.1437230110168457,
-0.7853706479072571,
1.5185352563858032,
0.3957068026065826,
1.1917057037353516,
1.0635813474655151,
-0.2762472033500671,
1.2363247871398926,
-0.4200201928615570,
-0.6740651130676270,
-1.2682396173477173,
-2.2717671394348145,
0.4111365675926208,
0.8821129798889160,
-1.3531225919723511,
-1.6774482727050781,
-0.4239627420902252,
-0.2175620049238205,
1.1494828462600708,
-0.8116641640663147,
1.3606303930282593,
1.3196061849594116,
0.5404471755027771,
0.7872237563133240,
0.8001604080200195,
0.3241440653800964,
0.2954786419868469,
-1.6202492713928223,
1.7653344869613647,
-0.7783946394920349,
-0.0559595972299576,
-0.5742517709732056,
-0.0592844299972057,
-0.2204457670450211,
-0.6878103613853455,
-0.4518686234951019,
1.2158926725387573,
-0.3871559202671051,
0.0043293568305671,
0.0707402154803276,
-1.4637489318847656,
-0.4863489866256714,
-1.1844402551651001,
-0.0861165598034859,
-1.1021920442581177,
0.4001697301864624,
-1.3834000825881958,
0.6491774916648865,
1.0898286104202271,
0.8344376683235168,
-1.3879388570785522,
1.1060566902160645,
1.0974324941635132,
1.4848264455795288,
-0.9037976861000061,
0.4797673225402832,
-1.1109299659729004,
0.0525943264365196,
-0.2955732345581055,
1.0302217006683350]