[0.9099113345146179,
0.2850544750690460,
0.8044719099998474,
0.6664754748344421,
0.0838347300887108,
1.5073896646499634,
1.7865312099456787,
0.6441462635993958,
-0.6173011660575867,
-0.1144352257251740,
-0.5868633389472961,
1.3084447383880615,
0.5031692385673523,
-0.5396589040756226,
-0.4083393514156342,
-0.0355969890952110,
-1.9514893293380737,
-1.1889138221740723,
-0.6789001822471619,
1.3100678920745850,
0.7166624069213867,
1.9493405818939209,
-1.8887505531311035,
-0.4322044253349304,
0.4301790893077850,
0.6381198167800903,
-0.0584226250648499,
-0.0307269748300314,
-1.2246598005294800,
-1.0247757434844971,
-1.0700498819351196,
1.5005441904067993,
-0.9470661282539368,
0.2089450508356094,
0.6319147348403931,
-0.4370617270469666,
0.3159031569957733,
-0.4472163915634155,
0.3537303209304810,
-0.6180134415626526,
0.0334523655474186,
-1.6834983825683594,
1.9283246994018555,
0.4099653959274292,
-1.2779835462570190,
0.0584097579121590,
2.7722749710083008,
1.2145689725875854,
0.4618984460830688,
-0.3848657011985779,
1.0751328468322754,
1.2647905349731445,
-0.0914072170853615,
0.1223201453685760,
-0.4099981188774109,
-2.2886435985565186,
1.8073570728302002,
0.5177564024925232,
2.2931494712829590,
-0.0424307882785797,
-1.5026168823242188,
1.1805368661880493,
-0.0135853784158826,
-1.3417134284973145,
-1.1986243724822998,
0.3963184058666229,
-0.2966443300247192,
-0.0824648365378380,
0.0119235171005130,
0.3969700634479523,
0.3124770820140839,
-0.2640060782432556,
0.7639150023460388,
0.7062894701957703,
1.3715896606445312,
0.5098782181739807,
-0.5607258677482605,
1.1491870880126953,
-0.9780412912368774,
0.9921575188636780,
0.4687763750553131,
0.3820390403270721,
-0.1538143306970596,
0.8825848698616028,
-0.2558389008045197,
0.2876978814601898,
-0.2452206462621689,
0.4128102958202362,
-1.4457554817199707,
-1.0998730659484863,
0.4298062920570374,
-0.3761845231056213,
-0.4227480888366699,
-0.8297957181930542,
0.4123685657978058,
-0.2064238637685776,
0.5911082625389099,
0.2419791966676712,
-0.1640996932983398,
0.5379731655120850]