[0.6199359297752380,
0.2057065367698669,
0.2127246707677841,
-1.5772235393524170,
0.1883604973554611,
0.6723255515098572,
-0.6002921462059021,
1.1777603626251221,
0.3079420030117035,
0.9026141166687012,
0.8260841965675354,
1.4873961210250854,
-1.1750627756118774,
0.7854773402214050,
-0.2628161907196045,
0.0409477911889553,
-2.0224978923797607,
0.3444949090480804,
0.7142957448959351,
0.7479524016380310,
0.2946395874023438,
-0.2185307592153549,
0.4301492869853973,
0.8420059084892273,
0.1714196056127548,
-1.3238220214843750,
-0.0375578589737415,
0.0768557563424110,
0.4403643310070038,
-0.7010365128517151,
-0.6565613746643066,
0.0311063788831234,
0.9115312099456787,
0.1601927578449249,
0.0011064112186432,
0.5002391934394836,
0.4380130171775818,
-2.0965538024902344,
1.9661169052124023,
-0.6533898115158081,
-0.3734283745288849,
0.7748799324035645,
0.5243315696716309,
-1.4043112993240356,
-0.9621407985687256,
0.3860452175140381,
0.5790746212005615,
-0.1440119296312332,
1.0041621923446655,
1.5138448476791382,
0.6328175663948059,
-0.3352421224117279,
1.1399577856063843,
1.6327745914459229,
-0.4811871051788330,
-1.1881033182144165,
0.0678888335824013,
-0.3963146209716797,
0.1223862022161484,
0.7721739411354065,
-2.0754168033599854,
-0.1278548538684845,
-0.8656483292579651,
-0.9912432432174683,
0.5897957086563110,
0.1730488836765289,
1.9295704364776611,
0.0962413251399994,
-1.7647783756256104,
-2.8070948123931885,
-0.0608066134154797,
0.4236428439617157,
0.3264662325382233,
-0.3735183179378510,
0.7655375003814697,
1.3289486169815063,
-0.6454043388366699,
-0.9991194009780884,
-0.4309492111206055,
-0.3441987931728363,
0.3161623179912567,
-0.3924678564071655,
-0.3599902987480164,
-0.8329660892486572,
1.3620047569274902,
-1.3575793504714966,
-1.7077223062515259,
-0.5814643502235413,
-1.0748132467269897,
-0.1697850674390793,
-1.1313863992691040,
-0.8304420113563538,
-0.4681468605995178,
-1.0741637945175171,
0.2433572113513947,
-1.3004091978073120,
-0.6606887578964233,
0.5929153561592102,
-0.0114656705409288,
-0.8172391057014465]