[0.3059952557086945,
-0.5387253761291504,
0.3772504925727844,
-1.3436619043350220,
-1.0344190597534180,
0.5282273292541504,
-0.2182720303535461,
-0.2777613699436188,
0.3786638379096985,
0.5251318812370300,
-0.8773974180221558,
1.9527839422225952,
0.9117522835731506,
-0.5108321905136108,
0.5469921231269836,
-1.0083556175231934,
1.5657011270523071,
-1.3521894216537476,
0.3586707711219788,
0.1666046231985092,
0.0330062359571457,
1.6163600683212280,
1.1715573072433472,
2.4755299091339111,
-0.0290190558880568,
0.2439625263214111,
-1.8179188966751099,
0.2639462947845459,
-1.2710486650466919,
-1.4207425117492676,
0.6038380861282349,
-0.4134154617786407,
-0.2878182530403137,
-1.2006785869598389,
1.7509248256683350,
2.4738802909851074,
0.5815347433090210,
1.9625511169433594,
-0.7489206194877625,
0.9726684093475342,
1.8868564367294312,
1.6831152439117432,
-1.4238190650939941,
-0.1653034240007401,
1.4590674638748169,
-0.1963064521551132,
-0.4365959763526917,
-0.1513603627681732,
-0.1110885366797447,
-0.4166447818279266,
-0.8470948338508606,
2.1771247386932373,
0.3926391899585724,
0.0904514491558075,
-0.8914194703102112,
0.1134676784276962,
1.9120366573333740,
1.8798127174377441,
0.1641916334629059,
-0.3019784986972809,
-0.4335634112358093,
-1.9767262935638428,
-1.8638386726379395,
-0.2460920363664627,
1.3959832191467285,
0.1696770340204239,
1.0706270933151245,
-0.7923678755760193,
-0.7389221787452698,
0.9922457933425903,
-0.3565271794795990,
-0.2496517747640610,
-0.4634799957275391,
0.3218897283077240,
0.0731680318713188,
1.2039635181427002,
-2.4328646659851074,
-0.4728979766368866,
0.7845677137374878,
1.2189505100250244,
-0.1966218650341034,
-0.4557653367519379,
0.6703938841819763,
0.5070374608039856,
-0.1847230792045593,
0.0796162188053131,
-1.3567738533020020,
0.6699411869049072,
1.9027674198150635,
1.1034810543060303,
-2.0411307811737061,
0.1328538507223129,
-0.1389732807874680,
0.8462266921997070,
-0.2756808996200562,
-1.1001620292663574,
0.6279963254928589,
1.9138183593750000,
-0.8292058706283569,
-0.0114691378548741]