[-1.7433034181594849,
0.0046565020456910,
-2.6676011085510254,
1.5683416128158569,
0.4706706106662750,
0.4180082976818085,
-1.5658054351806641,
0.9117773771286011,
-0.5468333363533020,
-0.2189562320709229,
-0.8295293450355530,
-0.8014795780181885,
1.0322052240371704,
0.0820848345756531,
-0.2572969496250153,
-0.9538349509239197,
-0.3929426372051239,
-0.2852167189121246,
0.3788559734821320,
0.1113100647926331,
0.4680315554141998,
1.6980012655258179,
0.7506238818168640,
-1.1615555286407471,
-0.1303535550832748,
1.4674273729324341,
-2.7565281391143799,
0.5004826784133911,
-1.0998486280441284,
-0.8283682465553284,
0.3429720401763916,
-0.6273475885391235,
-0.2498895376920700,
-0.3302975594997406,
0.4506885409355164,
-0.7669478654861450,
1.9969415664672852,
-0.1486822962760925,
-1.3274754285812378,
-1.2503548860549927,
-0.6922639012336731,
0.5585778355598450,
0.8276414275169373,
0.1364238709211349,
-0.0456091985106468,
-0.6580668687820435,
0.5818364024162292,
1.2481734752655029,
-0.0977580398321152,
0.4947465658187866,
-0.5552718043327332,
0.8419350385665894,
-2.1144437789916992,
1.1533373594284058,
-0.6762663722038269,
-1.3203604221343994,
0.8078826069831848,
-0.4828411042690277,
1.7433708906173706,
1.2366226911544800,
1.1461433172225952,
0.6484006643295288,
-0.6197093129158020,
-0.0602691583335400,
-1.2612847089767456,
0.4862785041332245,
0.4553094506263733,
-0.8339876532554626,
0.8590084314346313,
-0.4395818710327148,
-0.1952283531427383,
0.2474065870046616,
-2.3722674846649170,
-0.4404208958148956,
0.5777732729911804,
0.8058412671089172,
0.6212645173072815,
-0.8586000800132751,
1.2025020122528076,
-0.3489356040954590,
-0.3713152706623077,
0.0990516990423203,
1.9496927261352539,
0.3146542906761169,
2.4161589145660400,
-1.4415278434753418,
-0.0198451280593872,
-0.9129153490066528,
0.1733841300010681,
0.4644273817539215,
-0.2571624517440796,
0.8609731793403625,
-0.4161709547042847,
0.7239052057266235,
1.2826955318450928,
-1.7658977508544922,
0.5529156327247620,
-0.8300726413726807,
-1.0183448791503906,
1.1468954086303711]