[-0.6727114319801331,
1.2446955442428589,
-1.4975211620330811,
0.8034805655479431,
0.7360666394233704,
-0.3606113493442535,
-0.1416593492031097,
0.7590436339378357,
0.2242244184017181,
0.9339638352394104,
-0.5738528966903687,
1.3659538030624390,
1.2404742240905762,
-0.0054585551843047,
-1.5255427360534668,
1.0347059965133667,
0.3113510310649872,
-0.0867382064461708,
-0.2284210920333862,
-1.4858291149139404,
-0.2062574028968811,
1.7703028917312622,
-1.0985602140426636,
-1.0937329530715942,
2.5873930454254150,
0.2338478565216064,
0.6125202178955078,
0.3216294646263123,
1.2852514982223511,
-0.4002009034156799,
0.5125089287757874,
-0.2260506153106689,
0.3790660798549652,
1.1571807861328125,
2.1919968128204346,
0.6348126530647278,
0.2252690047025681,
-0.9613974690437317,
-0.2734902203083038,
0.1095871254801750,
0.6137718558311462,
0.2798587977886200,
0.2904276847839355,
0.4535866677761078,
0.5514254570007324,
0.3190151751041412,
0.3922030627727509,
-0.4886134564876556,
-0.3349022567272186,
1.4524009227752686,
-0.2608402073383331,
-1.1579356193542480,
-0.3896458148956299,
0.4827187061309814,
-1.1388903856277466,
-0.4800262451171875,
-1.5511946678161621,
-1.6701269149780273,
0.1757940798997879,
-0.0000542928028153,
0.8048386573791504,
3.4337453842163086,
-1.1611168384552002,
1.0235215425491333,
-1.8428705930709839,
0.4120404422283173,
-0.8128207325935364,
-0.6507230401039124,
-1.3283131122589111,
0.0155846793204546,
0.4086900055408478,
-0.0384520776569843,
-1.4249898195266724,
0.7999880313873291,
0.5312165021896362,
0.0059121074154973,
-1.4696034193038940,
-0.3049340546131134,
0.2937865853309631,
0.0657062157988548,
-0.3124242126941681,
-2.0713634490966797,
1.7329351902008057,
0.7482662796974182,
-0.1139133870601654,
-1.1274321079254150,
1.0761824846267700,
-2.1205632686614990,
0.5244988799095154,
-1.1220337152481079,
0.5472732782363892,
1.6100983619689941,
0.7631456255912781,
0.1671476513147354,
-1.6321254968643188,
0.4915617108345032,
0.1693338006734848,
-1.0304949283599854,
-0.7000840306282043,
0.1493333578109741]