[1.4071419239044189,
0.1892960369586945,
0.1174774169921875,
0.5159493684768677,
-0.2432506829500198,
1.4516363143920898,
0.0793907269835472,
-0.7537843585014343,
-0.5849968791007996,
0.9628420472145081,
2.1585671901702881,
0.2897753715515137,
1.8122816085815430,
0.8556291460990906,
1.1447150707244873,
0.8209957480430603,
2.2931153774261475,
-1.3006064891815186,
-0.3946974575519562,
-0.0750294104218483,
0.3169354796409607,
-0.4583307504653931,
-0.4490117430686951,
-0.2361315339803696,
0.1231914386153221,
-0.9920238852500916,
0.0300063062459230,
1.1694291830062866,
1.5174934864044189,
-1.3162463903427124,
-0.2152602225542068,
-1.0939646959304810,
-0.7259727716445923,
1.6186212301254272,
0.5689994096755981,
-0.8526983261108398,
-1.4714338779449463,
0.4637607634067535,
0.9817329645156860,
1.3445589542388916,
1.1678422689437866,
-2.6161525249481201,
-0.3764673471450806,
0.7137615084648132,
0.3061819374561310,
-2.4342141151428223,
-1.9543399810791016,
0.8010574579238892,
0.9532241821289062,
-0.6654403805732727,
-0.1540596187114716,
0.4745309054851532,
-0.4895605742931366,
0.2146805077791214,
0.7528986930847168,
-0.1641771346330643,
0.8856575489044189,
0.0195297710597515,
0.9742176532745361,
2.1647486686706543,
0.6263294219970703,
1.5342136621475220,
-1.6422308683395386,
0.9009676575660706,
-0.3764601945877075,
-2.3833754062652588,
-1.1500092744827271,
-1.2067642211914062,
-0.9419931769371033,
-1.7180042266845703,
0.0247803255915642,
-1.2048863172531128,
-0.7182165980339050,
-0.0989949032664299,
-0.9653448462486267,
1.1439117193222046,
1.1070122718811035,
-0.2468784302473068,
0.2450731545686722,
0.7034981250762939,
-1.1688085794448853,
-2.0442395210266113,
-2.0893304347991943,
-0.5715012550354004,
-1.3835978507995605,
0.0432667620480061,
-0.7021483182907104,
-1.1195861101150513,
-0.1702444404363632,
-1.0971443653106689,
0.0737158283591270,
-0.9780640602111816,
-0.0067467871122062,
-0.6074119806289673,
-0.5319650173187256,
0.8375700116157532,
-3.3292999267578125,
-1.2603359222412109,
-0.1736069321632385,
-0.8621851801872253]