[-1.3836926221847534,
0.7193970680236816,
-0.8475485444068909,
0.0060596032999456,
0.5174137353897095,
-0.0366808138787746,
0.8204129338264465,
-0.3785835206508636,
-1.0588167905807495,
0.4423642754554749,
-0.0231467019766569,
0.0969313308596611,
-0.7379267215728760,
-0.4079682528972626,
0.0020329626277089,
2.4751436710357666,
0.3991494178771973,
-0.0453524962067604,
-0.3358337879180908,
-1.1972310543060303,
0.9883912205696106,
-1.3731157779693604,
-0.5993814468383789,
0.2848478555679321,
1.7017781734466553,
1.4617061614990234,
0.8879803419113159,
1.5146684646606445,
0.3338260054588318,
-0.0236898977309465,
1.3569394350051880,
0.4476493000984192,
0.1169753149151802,
-0.3807618319988251,
0.3943298161029816,
0.0432160571217537,
-0.6395213603973389,
-0.5124058127403259,
0.6607332229614258,
0.3367791771888733,
0.7398459315299988,
1.2549759149551392,
-0.3755840063095093,
0.0807112678885460,
0.5402724146842957,
0.9742196798324585,
-1.7946286201477051,
-0.7448808550834656,
-0.2531335949897766,
0.3582009375095367,
-0.9087992906570435,
-0.0757269188761711,
-1.3415613174438477,
0.3225535452365875,
-1.1550799608230591,
-1.0649920701980591,
0.0289658866822720,
1.8078044652938843,
-0.4287493228912354,
-0.1772224158048630,
0.8381589055061340,
1.0593106746673584,
-1.7803262472152710,
-0.6328096985816956,
-0.4027995467185974,
1.0643355846405029,
0.3035564124584198,
-1.4956516027450562,
2.1555297374725342,
1.2435055971145630,
-1.0497894287109375,
0.0360119901597500,
-1.0470073223114014,
-0.6058263182640076,
1.3045206069946289,
-0.2947384417057037,
-0.0654435753822327,
-0.1186673268675804,
0.6982904076576233,
-1.1253583431243896,
-0.9312607049942017,
-0.9078049063682556,
-1.6157227754592896,
-0.0191032104194164,
0.5914644598960876,
-0.3219656944274902,
2.2584316730499268,
-0.5792358517646790,
0.1674647927284241,
0.2764870226383209,
-1.0181014537811279,
-1.3961564302444458,
-1.0258053541183472,
-0.3256821036338806,
-1.3278921842575073,
-0.7668843865394592,
-0.6405828595161438,
-0.6450596451759338,
-0.2020514011383057,
1.9880731105804443]