[-0.9543132185935974,
-1.4171397686004639,
-0.8576368689537048,
0.8227943181991577,
0.1730548143386841,
-0.7886114716529846,
1.6131529808044434,
-0.0587707981467247,
-0.3980472087860107,
-1.4190717935562134,
-0.2122810930013657,
1.6046867370605469,
1.2879586219787598,
1.7274017333984375,
-1.6016242504119873,
0.9869428873062134,
1.1462925672531128,
-0.5835410356521606,
0.5764202475547791,
-1.0454013347625732,
-0.6622897386550903,
0.1310026943683624,
0.4864938855171204,
1.1696966886520386,
0.1700298488140106,
-0.9718336462974548,
-1.3744122982025146,
-0.4371145665645599,
0.5823533535003662,
0.1137101426720619,
-1.7976655960083008,
0.6773065328598022,
0.1795231699943542,
-0.9127989411354065,
0.3998435437679291,
0.0398743450641632,
-0.0270989630371332,
0.4939130246639252,
-0.7086082100868225,
-0.5099669098854065,
1.4388010501861572,
-0.9597802162170410,
-0.8048749566078186,
-0.3376780748367310,
2.7913258075714111,
0.6468491554260254,
1.9661459922790527,
0.7277266979217529,
-0.7706848382949829,
-0.0927971974015236,
1.9394615888595581,
-1.8366271257400513,
-0.8172572851181030,
0.7206807136535645,
-0.0546446703374386,
0.8077889084815979,
-0.4796276390552521,
-0.3427341580390930,
-0.1727520078420639,
0.4748965501785278,
1.5153908729553223,
0.9059098362922668,
-1.1760896444320679,
0.3345645070075989,
-0.3788231015205383,
-0.0509070493280888,
0.0028505274094641,
-1.7775757312774658,
0.9977908730506897,
-1.5071372985839844,
0.4619854390621185,
-0.4888327419757843,
-0.1162667423486710,
-0.5522260665893555,
-0.9324239492416382,
-0.5183339118957520,
-0.6528221368789673,
-0.6191884875297546,
0.0036837782245129,
0.0280086565762758,
0.1259316653013229,
0.6533142328262329,
-0.1413209140300751,
1.2504003047943115,
0.1177447587251663,
-0.8875176906585693,
-0.2199633121490479,
-0.8618773221969604,
0.9762472510337830,
-0.1643977612257004,
0.4814858436584473,
0.5288730263710022,
-1.0255331993103027,
0.0526430383324623,
-1.2967638969421387,
-0.2128074765205383,
0.2291169166564941,
0.1809213757514954,
-1.2194597721099854,
0.3311604857444763]