[0.2325587123632431,
-0.4871512353420258,
0.3001834452152252,
0.7527460455894470,
0.8946108818054199,
-0.2773411571979523,
0.1563003808259964,
-0.7653117775917053,
-0.4516946673393250,
-0.2551412880420685,
0.6426822543144226,
-0.5617687106132507,
0.3103973269462585,
-0.0450894758105278,
-1.1415237188339233,
1.1968153715133667,
0.1431534439325333,
0.7873927354812622,
0.8984982371330261,
-0.3749112486839294,
-0.2614615857601166,
1.2730374336242676,
-0.5530324578285217,
0.7090121507644653,
0.9145667552947998,
0.3968685269355774,
-2.1810727119445801,
1.2481365203857422,
-0.8358001708984375,
-1.1180032491683960,
-0.0189665649086237,
1.1806516647338867,
-1.8231371641159058,
1.1700521707534790,
1.1585443019866943,
2.0400590896606445,
-1.2394548654556274,
-0.8388398885726929,
0.6693865060806274,
-1.0030008554458618,
-1.5177767276763916,
-0.1477001458406448,
0.6349253654479980,
-0.0839167535305023,
0.2309202104806900,
0.4340156316757202,
-0.8577093482017517,
-1.8938566446304321,
-1.1598716974258423,
1.6252290010452271,
-0.0994324088096619,
-0.4543841779232025,
-0.2304336428642273,
-0.0580652654170990,
1.0907597541809082,
-1.2385897636413574,
-0.6517203450202942,
-0.3033795654773712,
-0.0712192878127098,
-0.1301520913839340,
-1.1180435419082642,
-0.1001700833439827,
-0.2182498127222061,
0.4122728407382965,
0.8377169966697693,
1.0138424634933472,
-1.4744763374328613,
1.3201131820678711,
-0.0327446460723877,
-0.2455985546112061,
0.9613019824028015,
-0.6182335615158081,
-0.0036488941404969,
-0.7943691015243530,
0.5930999517440796,
-0.6912792325019836,
0.5314073562622070,
-0.0286916792392731,
-1.5162720680236816,
-0.3899360001087189,
1.8041214942932129,
-0.3481327593326569,
-1.1954963207244873,
-0.1599214226007462,
0.1958341747522354,
0.3391711413860321,
-0.0603273957967758,
0.0663791447877884,
1.2164424657821655,
0.5195369124412537,
0.0396727509796619,
-1.3915253877639771,
1.1386365890502930,
0.8798488378524780,
-0.7300697565078735,
1.3113815784454346,
0.0265236981213093,
-0.3506633043289185,
-0.1784429103136063,
-0.2573356628417969]