[-0.2817142307758331,
-1.1742851734161377,
-0.2282738685607910,
0.5025668740272522,
0.2644812464714050,
-1.1865763664245605,
2.4350440502166748,
-0.4522703886032104,
2.0808315277099609,
-0.3387455642223358,
-0.7584285140037537,
-0.4348724782466888,
0.8807365894317627,
-0.6283308863639832,
0.2592427730560303,
-0.7562215924263000,
1.5659124851226807,
-0.3729609549045563,
-0.6253799796104431,
0.8380077481269836,
-0.6425191164016724,
0.3586035966873169,
-0.5222914218902588,
-0.7776854634284973,
-0.4888879358768463,
0.3000350594520569,
0.7612551450729370,
0.3501458168029785,
-2.0371012687683105,
1.5978467464447021,
0.7036019563674927,
-1.2514532804489136,
0.4980908632278442,
-0.3122774362564087,
0.9883354306221008,
0.6773313283920288,
-2.6766798496246338,
-1.2547448873519897,
0.0249185357242823,
0.5420269966125488,
-1.8963530063629150,
0.1516540944576263,
1.4493669271469116,
-0.4198711812496185,
-0.3759173750877380,
0.4972403943538666,
-1.8219894170761108,
-0.0905117765069008,
-0.4523814618587494,
2.0115797519683838,
-1.6808974742889404,
0.0544981472194195,
1.1313313245773315,
-0.5027589797973633,
-0.4539589285850525,
-0.4684045016765594,
0.3050212860107422,
0.3963795900344849,
-0.5748420357704163,
-0.6548385024070740,
0.2485919445753098,
-2.0619528293609619,
-1.3390721082687378,
-0.4346865713596344,
-0.8181744217872620,
-0.9174162745475769,
-0.6186647415161133,
-1.0430212020874023,
1.8602637052536011,
-0.7206808924674988,
-0.5789511203765869,
-1.6929637193679810,
0.9384551048278809,
-0.9803995490074158,
0.0189036447554827,
0.2697913646697998,
0.5299268960952759,
-0.2212938219308853,
-0.8967922925949097,
-1.0454057455062866,
-1.3427289724349976,
1.6977463960647583,
-0.7369312047958374,
-0.3390796184539795,
1.1271628141403198,
0.7164376974105835,
0.9642173051834106,
-1.5765430927276611,
-0.5384138822555542,
-0.9453335404396057,
0.3190429210662842,
0.5950460433959961,
-0.2098010629415512,
1.5637606382369995,
-0.5322051048278809,
0.3290089070796967,
-0.0415806695818901,
2.1709096431732178,
-0.6781355738639832,
0.7890200614929199]