[-0.9501690268516541,
0.7300682663917542,
0.5937509536743164,
-2.0786638259887695,
-0.5057604312896729,
-0.8022876381874084,
-1.2757363319396973,
-0.4455446600914001,
1.2979646921157837,
-0.2763257920742035,
0.4294529855251312,
-1.6924084424972534,
-1.0765027999877930,
2.9184105396270752,
0.2239349633455276,
-1.4283467531204224,
-0.3578425645828247,
-0.4411722719669342,
1.9992581605911255,
-2.2529425621032715,
-0.4784369766712189,
-0.8526201844215393,
1.0723842382431030,
-1.5804820060729980,
-0.0713879093527794,
0.0031174470204860,
-0.4585867524147034,
1.5186675786972046,
-0.6439392566680908,
-0.7621148824691772,
1.0742598772048950,
-0.6091366410255432,
0.9092652201652527,
0.0229329224675894,
1.7921304702758789,
0.8000332713127136,
-1.4938099384307861,
1.3514750003814697,
0.3463942110538483,
-0.1128184795379639,
-0.1649386882781982,
-0.7563170194625854,
0.0173568800091743,
1.3481038808822632,
0.8374987244606018,
-0.4890045821666718,
-0.8164549469947815,
0.5535144209861755,
0.4056627154350281,
-1.2976704835891724,
0.8355747461318970,
-0.3595439493656158,
0.0861773341894150,
0.5011512637138367,
0.8390783667564392,
0.0536535233259201,
-0.4562458693981171,
0.7131173610687256,
-1.2758100032806396,
-2.2311091423034668,
-0.9413664340972900,
-0.7644888162612915,
0.4941448867321014,
1.0859934091567993,
-0.5238442420959473,
-1.2298693656921387,
0.2323513478040695,
0.9961776137351990,
0.1068991348147392,
0.6894938945770264,
0.2630591094493866,
1.3468326330184937,
-1.0722749233245850,
-1.9868351221084595,
1.8224763870239258,
-0.4003556072711945,
1.4064153432846069,
0.4937942922115326,
1.4996542930603027,
0.5585477352142334,
-1.2163192033767700,
2.0267791748046875,
-0.0462063252925873,
1.4404078722000122,
-2.6807425022125244,
-0.3859206140041351,
-0.5511680841445923,
-0.3626195490360260,
0.6560968756675720,
0.4965737164020538,
-0.3316232264041901,
1.5053951740264893,
-1.3736677169799805,
1.0874769687652588,
-1.2353603839874268,
-1.6945704221725464,
-1.4242433309555054,
0.0261319857090712,
0.3445026576519012,
0.7293352484703064]