[-0.2937960028648376,
-0.9621954560279846,
-0.6095440983772278,
0.6974292397499084,
0.9107061028480530,
1.2249968051910400,
1.8142105340957642,
-0.5710663795471191,
-1.5536446571350098,
1.2188227176666260,
1.8694937229156494,
0.6862668395042419,
0.9219073057174683,
1.2461926937103271,
1.9130793809890747,
-0.1061510443687439,
0.4083206653594971,
-1.2353659868240356,
-0.6212612390518188,
-1.7568855285644531,
-1.0538717508316040,
0.4487018585205078,
-0.3542838096618652,
0.8882789611816406,
-0.2471303939819336,
-0.0499201714992523,
-1.9318788051605225,
-1.7924146652221680,
-0.5476778149604797,
0.2772497534751892,
1.0246762037277222,
-1.5382858514785767,
1.7151501178741455,
0.8259575366973877,
2.4647147655487061,
0.7123870253562927,
-0.8554152250289917,
-1.2415949106216431,
0.4150658249855042,
-1.0111215114593506,
1.3345309495925903,
2.3344383239746094,
2.0830533504486084,
0.9643090367317200,
0.3411309719085693,
0.8630348443984985,
0.2070586830377579,
0.4083016514778137,
0.4382362663745880,
-1.5288751125335693,
0.6041833758354187,
0.0005438776570372,
0.4214019775390625,
-0.9477666616439819,
-0.7274842858314514,
1.5402739048004150,
-1.5461838245391846,
-1.7334926128387451,
0.8939908742904663,
0.0570838376879692,
-0.6689175367355347,
0.9119451642036438,
0.6240428686141968,
-0.4851872920989990,
0.8479478955268860,
0.3634083867073059,
-0.7395995855331421,
0.5032401680946350,
2.0814740657806396,
1.9384989738464355,
-1.4614294767379761,
-0.3068979978561401,
-0.8661391735076904,
0.3167556226253510,
1.3010839223861694,
1.7360068559646606,
-0.0264826286584139,
-1.0485268831253052,
0.2156760394573212,
0.9194782376289368,
-0.1015999168157578,
-0.7541239857673645,
0.0527626685798168,
-0.0254909172654152,
2.3385341167449951,
-1.6235016584396362,
0.5360265970230103,
0.4609242677688599,
0.0496787838637829,
-0.2165447771549225,
-0.4998357594013214,
-0.3103241622447968,
-1.3631670475006104,
-0.1649612039327621,
0.2470784038305283,
2.1580519676208496,
0.3047739863395691,
-1.6573233604431152,
1.0546922683715820,
0.1763867437839508]