[-0.5972175598144531,
0.3485448360443115,
-1.7735229730606079,
1.6753020286560059,
1.8941794633865356,
-0.0815721303224564,
-1.0235570669174194,
0.5444207191467285,
0.0477095358073711,
-1.8156321048736572,
2.0478241443634033,
2.2943952083587646,
-0.9727895855903625,
-0.6675565838813782,
-0.1189479827880859,
0.4219149947166443,
0.5540408492088318,
1.3211063146591187,
-0.6658492684364319,
1.4503837823867798,
0.2142850458621979,
0.7580733895301819,
0.3549759685993195,
0.5967341661453247,
-0.1664998084306717,
0.7456029653549194,
-0.4931174218654633,
-0.2485473603010178,
0.6879104375839233,
-1.6746140718460083,
0.6856279969215393,
-3.2082946300506592,
-1.9629446268081665,
-0.5139855146408081,
0.1825381517410278,
-0.5399973392486572,
1.3783068656921387,
1.5092413425445557,
-0.4861768782138824,
-1.6486415863037109,
1.2924048900604248,
-1.0794208049774170,
-0.9622515439987183,
0.7981648445129395,
1.8562248945236206,
1.6010400056838989,
0.4035207927227020,
-0.5565210580825806,
0.8919790387153625,
-0.6064454317092896,
-0.6742654442787170,
0.3897958099842072,
-0.0409341193735600,
-0.4510240256786346,
-0.7106093764305115,
-0.9939061403274536,
-0.7828208804130554,
-1.2454668283462524,
-0.3962661325931549,
0.9430987834930420,
0.6589007377624512,
-0.2842949330806732,
-0.3562485277652740,
0.0983063206076622,
0.4025635719299316,
-0.8490350246429443,
0.1383327692747116,
0.7273193001747131,
-2.3942911624908447,
0.3257078528404236,
0.2287622392177582,
0.0624228604137897,
-0.8503164649009705,
0.3038372397422791,
1.6397624015808105,
0.4610210359096527,
1.1566737890243530,
0.1520456820726395,
-1.6636970043182373,
-0.8104225993156433,
0.7323453426361084,
-0.8439704775810242,
1.2962414026260376,
-0.0442977473139763,
-1.2935230731964111,
-0.7208853363990784,
-0.1188000887632370,
-2.0728766918182373,
-1.9167509078979492,
0.4889430403709412,
1.5142771005630493,
-0.7133904695510864,
-0.4713390469551086,
0.1498400717973709,
-0.2665890455245972,
1.9844061136245728,
0.2028869837522507,
-0.9231127500534058,
0.6881829500198364,
-0.8522064685821533]