[0.0769958421587944,
0.4323091506958008,
1.3817716836929321,
-0.2746177911758423,
-1.6043082475662231,
1.8947777748107910,
-1.1580898761749268,
-1.4960850477218628,
-0.0435111038386822,
0.5869376063346863,
-0.5646328926086426,
-0.3576178848743439,
1.6692612171173096,
-0.4784554839134216,
0.4814932346343994,
1.1520205736160278,
0.3783778846263885,
0.1779309064149857,
-0.3446176350116730,
0.3326467275619507,
-0.1247897073626518,
-0.7882329225540161,
0.4834802150726318,
-0.5093653202056885,
1.0448335409164429,
-1.7777532339096069,
-1.4022653102874756,
-2.4130198955535889,
0.7137175798416138,
1.0841461420059204,
0.3938230872154236,
-1.4179716110229492,
0.5115479230880737,
1.2184824943542480,
0.0624750740826130,
1.1530402898788452,
-0.0290365889668465,
-0.7327880859375000,
-2.0509135723114014,
0.0953561291098595,
0.5797760486602783,
-0.8230308294296265,
-0.2660426199436188,
-0.2962777316570282,
-0.3446995615959167,
-1.2096019983291626,
-0.2673216164112091,
-0.3983637094497681,
-0.0880033522844315,
0.0116887129843235,
-1.1405295133590698,
2.2545006275177002,
0.1897219568490982,
-0.4866876602172852,
1.2166818380355835,
-0.6752387881278992,
1.0121427774429321,
-0.6941370964050293,
-1.2419018745422363,
0.2434786707162857,
-2.4346380233764648,
0.5929605364799500,
-0.2275497466325760,
1.1070395708084106,
1.0738618373870850,
-0.5835666060447693,
-1.0453876256942749,
-1.1152408123016357,
0.1502240151166916,
0.0027354517951608,
-0.3185158669948578,
-0.1156727299094200,
-0.8480093479156494,
0.6853852868080139,
-2.8000988960266113,
-0.5509879589080811,
1.3622564077377319,
-0.8045140504837036,
-0.1922278553247452,
-0.1882805377244949,
-0.2302582114934921,
-0.5274305939674377,
-1.4599255323410034,
-0.8815832734107971,
-1.7102278470993042,
0.9989507794380188,
0.5732242465019226,
1.3061594963073730,
-0.3522889614105225,
-0.2395927757024765,
0.0871451720595360,
1.1986384391784668,
-1.8023263216018677,
0.3353211879730225,
-0.7556595802307129,
-0.8223088979721069,
-0.4557688832283020,
-0.0505180470645428,
-0.8150617480278015,
-2.1948935985565186]