[-2.1820738315582275,
0.0865636095404625,
-0.8720942139625549,
-0.9152579903602600,
-0.6738276481628418,
0.0550352111458778,
0.0777638927102089,
-1.2524017095565796,
-0.4456692337989807,
0.4028070867061615,
-0.3412236869335175,
-0.8589879274368286,
-0.7552794814109802,
-1.2029029130935669,
0.7738888859748840,
0.2711848020553589,
-1.9093316793441772,
1.5378077030181885,
0.5300864577293396,
0.5673369169235229,
0.1446091532707214,
0.6188863515853882,
-0.8599701523780823,
-2.5821182727813721,
-0.1089476495981216,
2.0688993930816650,
-0.5949068665504456,
-1.5172908306121826,
0.5269794464111328,
0.0828739404678345,
0.1155929416418076,
0.5008972287178040,
0.7135741710662842,
-0.7154503464698792,
0.7271825075149536,
-0.9695500135421753,
1.7650493383407593,
0.1687506586313248,
-0.5524424910545349,
0.0024269965942949,
1.0953645706176758,
-0.5256145596504211,
0.4622754454612732,
1.1798671483993530,
-1.1032822132110596,
-0.7044013738632202,
-0.2072772830724716,
0.1446054428815842,
-1.5687553882598877,
-1.3364341259002686,
0.3339538276195526,
-0.7303478121757507,
-0.1379722654819489,
-0.2730498909950256,
1.8826726675033569,
1.2262879610061646,
-0.3171352148056030,
0.3597182035446167,
-1.1712116003036499,
1.4559407234191895,
-0.1979248076677322,
-0.2078634053468704,
-0.8668030500411987,
-0.6517812609672546,
-0.1072846874594688,
0.3347540199756622,
1.4236539602279663,
-0.0298115946352482,
0.4122675657272339,
0.3476237654685974,
-0.8865256309509277,
-2.8284363746643066,
-1.9248902797698975,
-0.8910145759582520,
-1.0956623554229736,
-1.3645986318588257,
-0.3278340697288513,
0.8910951614379883,
-0.4904994666576385,
-0.4430471658706665,
-0.9303739070892334,
1.1211814880371094,
-0.3655170202255249,
1.4639853239059448,
0.3792454302310944,
2.6146082878112793,
-1.3592706918716431,
0.4540300667285919,
-0.6929429769515991,
0.3384992778301239,
0.0872076973319054,
1.6471346616744995,
-1.5358655452728271,
0.4899371862411499,
0.2255236506462097,
1.0347696542739868,
0.2316415160894394,
-0.6163539290428162,
-0.3724871277809143,
-2.1634879112243652]