[-0.3716188967227936,
-1.4550843238830566,
0.5263504385948181,
0.0353112369775772,
-2.2061135768890381,
-0.5069236159324646,
0.1011338010430336,
-0.5011917948722839,
1.6700136661529541,
-0.6823708415031433,
1.1833492517471313,
-0.9029209017753601,
-0.2334951758384705,
0.2808684110641479,
-1.2717648744583130,
-0.0985050275921822,
0.2112543582916260,
-1.1685023307800293,
1.0472810268402100,
0.6337504386901855,
0.2155660539865494,
-0.8088264465332031,
0.1007944867014885,
1.3529125452041626,
-0.2194806486368179,
0.8844081759452820,
-0.7969949245452881,
1.1101455688476562,
-0.7161322236061096,
0.1534806042909622,
-0.0002663885825314,
0.8531957864761353,
-0.8352448344230652,
1.2791867256164551,
-0.8227420449256897,
-1.0405067205429077,
-0.2790897786617279,
0.6393157243728638,
-1.2387768030166626,
-0.7071329355239868,
0.2426455616950989,
0.4064010083675385,
0.1393857002258301,
-2.0008964538574219,
-1.0333869457244873,
-0.8315590023994446,
-0.2565427422523499,
-0.3444447219371796,
-0.7431020736694336,
0.1371485590934753,
-0.4377763569355011,
1.3372749090194702,
-0.0590349137783051,
1.9827445745468140,
-0.2625765204429626,
0.1163665577769279,
1.8362160921096802,
-0.4518658518791199,
0.1862539350986481,
-0.3592977821826935,
-0.0993633344769478,
0.9974625706672668,
1.3747545480728149,
0.2714112699031830,
-1.7212485074996948,
-1.0775045156478882,
0.3539248406887054,
0.6679873466491699,
-0.1781714856624603,
-0.3622052967548370,
-0.3510335981845856,
-0.3001931309700012,
1.3528194427490234,
1.2706799507141113,
0.1400412619113922,
-0.3188813030719757,
0.6376907229423523,
0.0693996548652649,
1.5250893831253052,
0.8669378757476807,
-0.3045515120029449,
0.2208907902240753,
-1.1718499660491943,
0.4192828834056854,
1.5360306501388550,
1.0437912940979004,
0.4657586514949799,
0.3258080780506134,
-0.0409969016909599,
0.1375004798173904,
-0.0191022958606482,
-1.3225561380386353,
-2.7271444797515869,
1.1258239746093750,
0.2085914611816406,
0.6958101391792297,
0.6897350549697876,
0.4935865998268127,
-1.0078412294387817,
0.0987099483609200]