[0.0863223150372505,
0.1240828782320023,
-0.0436170436441898,
-0.6277392506599426,
-0.8313025236129761,
-0.5999480485916138,
1.3449857234954834,
-0.6424810290336609,
-0.8584806323051453,
-0.4876894950866699,
-0.3371345698833466,
-1.5032539367675781,
0.9260401725769043,
-1.0212595462799072,
0.8541986942291260,
1.0704954862594604,
0.6535598039627075,
0.1258607059717178,
-0.3496035039424896,
0.1794359833002090,
0.6701831817626953,
0.0082606384530663,
1.6159369945526123,
-1.3564112186431885,
-0.8806055784225464,
-1.4766786098480225,
0.5929770469665527,
0.1881649941205978,
1.3536723852157593,
-0.4787208437919617,
1.9520274400711060,
0.2638938128948212,
0.4501685798168182,
-0.2113819867372513,
0.8611034154891968,
0.8075037002563477,
1.3897663354873657,
0.4203282296657562,
-0.4146605134010315,
-0.7940254211425781,
-0.3196426928043365,
2.0234801769256592,
-0.0093426480889320,
2.0819139480590820,
1.6217279434204102,
-0.7064783573150635,
-0.8726552724838257,
-0.7576200366020203,
0.4594575464725494,
1.8338443040847778,
0.6621409654617310,
-0.4968023598194122,
-0.7880378961563110,
-1.0898015499114990,
-0.2012102156877518,
-0.2408242970705032,
0.3799907267093658,
2.6507012844085693,
-0.7454168796539307,
-1.1326440572738647,
0.6730567812919617,
0.6279705762863159,
-0.9500860571861267,
2.3824877738952637,
-0.1224174126982689,
0.2588643133640289,
1.0643661022186279,
0.1867570877075195,
-0.8744089603424072,
-0.1418048739433289,
0.0437222458422184,
0.1720794588327408,
-1.4700913429260254,
1.0133271217346191,
-2.3353693485260010,
1.8094745874404907,
0.1465777307748795,
-0.3284139335155487,
0.6756690144538879,
0.9020258188247681,
-0.7971000075340271,
-2.6698262691497803,
0.4006447196006775,
0.4468491077423096,
1.5647612810134888,
-0.5217999219894409,
1.1888308525085449,
0.6157985925674438,
-0.6996690630912781,
1.1931867599487305,
2.0272097587585449,
-0.4172970354557037,
0.3723865449428558,
-0.1009484156966209,
-0.8416875600814819,
-1.1021224260330200,
0.3403572738170624,
0.0588499940931797,
-0.6250141263008118,
1.3120325803756714]