[0.8089466094970703,
1.1765139102935791,
0.5379024147987366,
0.5125364661216736,
-0.0314216390252113,
-0.6998040676116943,
-0.4174885153770447,
1.1975129842758179,
-1.4725285768508911,
-1.9552686214447021,
-0.5741090774536133,
-0.0621349290013313,
0.5742599368095398,
-1.4647874832153320,
1.0894349813461304,
-1.1343085765838623,
1.1342645883560181,
-2.5184373855590820,
2.6860346794128418,
0.8784944415092468,
-0.1979622840881348,
-0.5976568460464478,
-0.7051917314529419,
-0.0706366151571274,
0.7568539977073669,
0.5366702675819397,
-1.2380149364471436,
0.1412682533264160,
-0.9276018738746643,
-0.9703684449195862,
-0.0461535528302193,
-1.9424046277999878,
0.1035716906189919,
1.9417934417724609,
-0.5729900598526001,
-0.0753382593393326,
-0.5255154371261597,
-0.1321968734264374,
1.2630019187927246,
-1.0120120048522949,
0.4658773541450500,
-0.4276728928089142,
-0.4193604290485382,
0.4120572209358215,
-0.8730367422103882,
-1.0031515359878540,
-1.3721165657043457,
-0.5090752840042114,
-1.0440928936004639,
1.3938299417495728,
0.6266622543334961,
-0.7621049284934998,
-1.3105958700180054,
-1.4542107582092285,
0.1431136727333069,
0.3010583817958832,
-0.7827169895172119,
-1.8073618412017822,
2.2031109333038330,
-0.2150107175111771,
0.4730501174926758,
1.1113229990005493,
-0.1141028702259064,
1.1134537458419800,
0.2718712091445923,
1.0724684000015259,
-1.2363796234130859,
-0.3602608144283295,
1.0388896465301514,
1.2043429613113403,
0.8498520255088806,
0.5602083802223206,
1.6429122686386108,
0.8678144812583923,
0.4219747185707092,
1.8599961996078491,
-0.8826215267181396,
-0.7764332890510559,
0.3761047720909119,
-0.2323618084192276,
0.6580044627189636,
0.9942131042480469,
-0.8183908462524414,
0.7275809049606323,
0.3830445706844330,
-0.5472126007080078,
-1.0962170362472534,
2.1536490917205811,
-0.3516258299350739,
0.3484815359115601,
-1.9718482494354248,
-1.3074547052383423,
1.3113141059875488,
0.4714898169040680,
0.2718711197376251,
-0.2393719553947449,
0.0272582080215216,
-0.7396695613861084,
-0.8030754327774048,
-0.2105604112148285]