[-2.2954709529876709,
-1.4053425788879395,
-1.5054793357849121,
1.4861205816268921,
0.1865911334753036,
-0.5359733104705811,
0.5735632181167603,
-0.0245144963264465,
-1.1569174528121948,
-0.0546776093542576,
-0.2505268454551697,
-1.8609471321105957,
0.1291610747575760,
0.5569074153900146,
-0.3929931521415710,
-0.1348944753408432,
-0.2628939449787140,
0.0322140753269196,
2.2400057315826416,
-0.7333377003669739,
-0.4600328207015991,
0.2089634388685226,
-0.3813567757606506,
0.1730541288852692,
-0.7870874404907227,
0.9949807524681091,
-1.7189201116561890,
-0.2653430402278900,
-0.1058575287461281,
-0.9958266615867615,
-0.5016850233078003,
-1.1370345354080200,
0.8651657104492188,
1.0899910926818848,
-0.5389900207519531,
0.5899065732955933,
-0.7549182772636414,
-0.7786324024200439,
1.2582974433898926,
1.1460381746292114,
-0.8414123654365540,
0.3649013340473175,
-1.8942511081695557,
1.8210643529891968,
0.1130146831274033,
0.0134347649291158,
-0.8547488451004028,
-0.0356725379824638,
0.4803898930549622,
0.7392632365226746,
-1.6202330589294434,
-0.5493339896202087,
-0.5768867135047913,
-1.5712751150131226,
-0.7045211791992188,
-0.2730873525142670,
-0.1476407796144485,
0.3749303221702576,
-0.2028177827596664,
-0.7737513184547424,
-0.4317497909069061,
0.4227442443370819,
-0.2053755670785904,
0.7095670700073242,
0.4654895365238190,
0.6696469187736511,
0.5924756526947021,
0.0572392269968987,
0.1376551389694214,
-0.7599921226501465,
0.3489702641963959,
0.8639975190162659,
0.5245341658592224,
-1.9863404035568237,
1.1354509592056274,
-0.2241317629814148,
-2.0587999820709229,
0.7275174260139465,
-0.1149361282587051,
0.5310368537902832,
0.3433050513267517,
-1.0904701948165894,
-0.2574957013130188,
2.0205667018890381,
-0.4195668399333954,
-0.5903027057647705,
0.3134127259254456,
0.2121307402849197,
1.8385200500488281,
-0.5718663930892944,
2.0562651157379150,
-1.0981922149658203,
-1.2584900856018066,
1.3746842145919800,
-0.1493272036314011,
0.0946960151195526,
0.3870221078395844,
0.8957543373107910,
0.4762519299983978,
-0.1611231267452240]