[-0.8782313466072083,
-0.6247641444206238,
0.1591285318136215,
0.4600604474544525,
0.3468680679798126,
-0.0020100460387766,
0.9650184512138367,
0.6277398467063904,
-2.0012898445129395,
-1.0580582618713379,
0.3155465126037598,
-0.2035768330097198,
-0.5836420059204102,
-0.2030372619628906,
0.8768857121467590,
1.8800611495971680,
1.0757898092269897,
0.6364172101020813,
-1.7884045839309692,
-2.3365068435668945,
-0.6285732984542847,
-1.9993940591812134,
1.6398332118988037,
1.2030754089355469,
0.1399321258068085,
0.3621023595333099,
-0.2664157450199127,
0.2314605414867401,
-0.3483217358589172,
0.4092720746994019,
1.0235122442245483,
1.2868628501892090,
0.3271057903766632,
1.3262218236923218,
-0.1512396633625031,
-0.7284979224205017,
1.3946751356124878,
-0.1165585964918137,
0.8422441482543945,
-0.2671914100646973,
0.3257957100868225,
-1.4949190616607666,
-0.6313998699188232,
-0.6526209712028503,
-0.4639433920383453,
1.4344905614852905,
0.1946552693843842,
0.0255024414509535,
0.3610552549362183,
0.3333869874477386,
-0.5250557661056519,
-0.5887865424156189,
-1.1181302070617676,
-1.3670691251754761,
-0.3525319099426270,
1.4752359390258789,
0.3918908238410950,
0.3837963342666626,
-0.5047840476036072,
0.0469061881303787,
-0.5371066927909851,
0.8427664637565613,
-0.2518893182277679,
0.8108977079391479,
1.1687011718750000,
-1.3675743341445923,
0.2127452343702316,
-1.2135441303253174,
-2.9008259773254395,
-0.2932422757148743,
-0.4126491844654083,
-0.1761281639337540,
-0.7143816947937012,
0.8245593309402466,
0.7155000567436218,
-1.7249925136566162,
0.1215285435318947,
-0.5277259945869446,
0.1970951706171036,
0.0002462587435730,
-0.2878744304180145,
-0.7976921200752258,
-1.9384857416152954,
1.6320842504501343,
-2.1017982959747314,
-0.2851880490779877,
1.3369650840759277,
-0.9304841756820679,
0.6349110007286072,
1.5650271177291870,
-1.6811038255691528,
-0.1437531709671021,
-0.6626214385032654,
0.4643943011760712,
1.9115229845046997,
-0.9365046024322510,
-1.0228410959243774,
-0.6160266995429993,
1.0129958391189575,
-0.2963072061538696]