[0.3269091844558716,
-1.7915632724761963,
0.7821476459503174,
0.1208327859640121,
-1.6900287866592407,
0.4234898388385773,
0.0226853266358376,
0.4594362676143646,
1.6503142118453979,
0.2098528295755386,
0.9341796040534973,
0.4332647025585175,
1.3979077339172363,
-0.2174810171127319,
-0.6787244081497192,
1.5547844171524048,
-0.6367086768150330,
-0.3764745593070984,
0.0975420027971268,
-0.4907600283622742,
-0.7308863997459412,
-1.7388540506362915,
-1.1289376020431519,
0.7517386674880981,
0.4708107411861420,
-0.3015091419219971,
0.1829935461282730,
-1.3558186292648315,
-1.2619966268539429,
-0.0815188214182854,
-0.5365120172500610,
-0.8680493235588074,
-0.1638273149728775,
-0.4699904322624207,
-0.4978289604187012,
-0.0365363694727421,
0.6172831058502197,
0.1812247484922409,
-0.0372595489025116,
0.2234194874763489,
-0.8247578740119934,
0.8851317167282104,
1.6699341535568237,
0.8246957063674927,
0.0019446662627161,
0.5294054746627808,
-1.3964790105819702,
-0.0837022364139557,
0.4218905270099640,
0.6123160719871521,
-0.5597915053367615,
0.3717362284660339,
1.0139586925506592,
2.0153167247772217,
-0.3458398580551147,
-0.2252714335918427,
0.9019785523414612,
0.2104536443948746,
-0.4423481822013855,
1.1296317577362061,
-1.3255314826965332,
0.5710905194282532,
0.7631413340568542,
-0.0476744957268238,
1.1617007255554199,
-1.3529767990112305,
1.0288697481155396,
-1.0117123126983643,
0.7500901222229004,
-1.5728199481964111,
0.5230502486228943,
0.7906603813171387,
0.2879060804843903,
1.0402154922485352,
0.0043518184684217,
-0.5858724713325500,
0.1532322913408279,
1.4481757879257202,
-0.5849354267120361,
0.8588350415229797,
-0.9085800647735596,
-1.9351296424865723,
-0.6124184131622314,
0.3030849397182465,
-0.3234536051750183,
0.2599963247776031,
-0.8970016837120056,
0.7434894442558289,
-1.0372191667556763,
-0.5343819856643677,
0.1682710796594620,
-0.1496084779500961,
0.7296802997589111,
-0.5902889966964722,
0.1906313151121140,
0.4745739698410034,
-1.5446169376373291,
-1.3088145256042480,
1.5613840818405151,
0.5881983637809753]