[0.4129826128482819,
-0.0583609119057655,
0.4027622640132904,
0.5536499619483948,
1.2613154649734497,
1.3425842523574829,
-0.2961021065711975,
0.3267423212528229,
0.7970235943794250,
0.9132304787635803,
-0.9300309419631958,
0.5780310630798340,
-0.0497954413294792,
-0.3907436132431030,
-0.0942429304122925,
-0.8877232670783997,
0.4759183526039124,
-0.3050817847251892,
-0.7413874864578247,
-0.2436127364635468,
0.2036575227975845,
-0.4281861782073975,
0.6645853519439697,
-0.5268638134002686,
1.3279651403427124,
0.9148008823394775,
0.7417428493499756,
0.7420392632484436,
1.1788412332534790,
1.3046587705612183,
1.1227238178253174,
-1.4663408994674683,
0.4393541514873505,
0.0848936140537262,
-0.5688878297805786,
1.3869594335556030,
1.4923403263092041,
0.9072880148887634,
-0.9432010054588318,
0.0561630539596081,
0.6286882758140564,
-0.6691938042640686,
-2.5091977119445801,
1.1421787738800049,
-1.1628488302230835,
1.4075036048889160,
-0.6316824555397034,
2.3693492412567139,
-0.9064920544624329,
-0.3891133964061737,
-0.6692652702331543,
-0.1329268366098404,
-0.1560480445623398,
0.6503005623817444,
1.4363477230072021,
0.6954100131988525,
-0.1574416160583496,
2.3622958660125732,
1.8170540332794189,
1.3165949583053589,
0.6601507067680359,
0.4037636220455170,
-0.0545523241162300,
-0.0066006849519908,
-1.2692701816558838,
-0.5354797840118408,
-0.5887771248817444,
-0.7795831561088562,
-0.8595202565193176,
0.5764583945274353,
-1.9072400331497192,
1.0335129499435425,
-1.0941728353500366,
0.8435282707214355,
-0.3895216584205627,
0.0111298877745867,
-0.4078274965286255,
0.3590773642063141,
1.3724422454833984,
0.7297139763832092,
-0.3361637890338898,
-0.0946740880608559,
0.0997741296887398,
0.3178199827671051,
-1.1622048616409302,
0.4983744621276855,
0.4223186671733856,
-0.6557639241218567,
2.0672605037689209,
0.3235995173454285,
1.2811143398284912,
-0.3912975490093231,
-0.8618783950805664,
0.7392271757125854,
0.0720105469226837,
0.4849789738655090,
1.5435338020324707,
-2.0202257633209229,
0.1698235869407654,
0.3129545450210571]