[-0.9289673566818237,
0.1957180202007294,
0.1157995387911797,
0.9658160805702209,
-0.0806528776884079,
-0.7752368450164795,
-0.6754350662231445,
1.0138372182846069,
2.1996705532073975,
-1.2837108373641968,
0.6341117024421692,
1.0907393693923950,
-0.4890509545803070,
2.0796411037445068,
-1.1361200809478760,
0.8274767398834229,
-0.5608248114585876,
-0.1782882511615753,
0.6906799674034119,
0.1495768427848816,
0.5696458220481873,
0.7373606562614441,
-0.3699618279933929,
1.0840344429016113,
0.1519188880920410,
-0.3614975810050964,
0.6651798486709595,
-0.4854910075664520,
-0.2884629368782043,
0.3093897402286530,
-1.3484306335449219,
0.0689597502350807,
-0.1815874278545380,
-0.4611437618732452,
-0.0251793824136257,
0.8869974017143250,
-1.0182951688766479,
0.6577776074409485,
-1.6353677511215210,
-0.8314898014068604,
0.1186666637659073,
0.2936304807662964,
-0.4350665509700775,
-0.6922287940979004,
-0.1622062027454376,
0.3181294798851013,
0.9959249496459961,
-1.6323266029357910,
0.0471494719386101,
-0.5840904712677002,
0.4214560389518738,
0.6950501203536987,
1.1541256904602051,
0.1623045951128006,
0.7045607566833496,
0.6309226751327515,
0.0338948592543602,
0.0414755903184414,
0.0061417631804943,
1.7081273794174194,
1.0280568599700928,
-0.3060650527477264,
0.8206939101219177,
0.9423680901527405,
0.7319367527961731,
-0.1853539347648621,
1.0649093389511108,
0.1702448129653931,
-1.2401446104049683,
0.7763131856918335,
0.3926753997802734,
1.6871718168258667,
1.6011945009231567,
-1.1142102479934692,
-0.3220357298851013,
-1.0132758617401123,
-0.1644694507122040,
-0.3589131832122803,
-1.1907211542129517,
1.1128531694412231,
0.3186441063880920,
-0.4672435522079468,
0.4800836443901062,
0.3723080456256866,
0.4603977203369141,
0.0868918150663376,
-0.0662888959050179,
-1.4318419694900513,
0.5898948311805725,
1.5155177116394043,
0.4975831508636475,
-0.8760372996330261,
-0.3061158657073975,
-1.3480422496795654,
1.5270739793777466,
-0.9248350262641907,
1.3899143934249878,
-1.5593396425247192,
-0.5319223403930664,
1.2889801263809204]