[-0.3351550102233887,
-1.1665315628051758,
0.7992173433303833,
-0.1661805659532547,
-0.6870606541633606,
-0.4506436884403229,
0.1593350172042847,
0.3272979259490967,
-1.0799425840377808,
-0.4954108893871307,
0.8574630022048950,
2.0130906105041504,
-0.2763973176479340,
1.1436736583709717,
-0.6917953491210938,
0.0590093210339546,
0.9939745664596558,
0.1823672503232956,
-0.0456532090902328,
-1.1495676040649414,
1.1053397655487061,
0.4380095601081848,
-0.6392311453819275,
-0.5614290237426758,
-0.4396696090698242,
-0.1875496208667755,
-0.1925282180309296,
0.2321962118148804,
-0.9000398516654968,
-0.7824656963348389,
-0.0509173572063446,
-0.7119168043136597,
-0.1390510797500610,
0.6405698657035828,
-1.3942656517028809,
1.5297768115997314,
0.4795854389667511,
-0.4383067488670349,
0.1223039701581001,
-0.1211273074150085,
-0.3954201340675354,
-1.1922664642333984,
-0.0909578427672386,
0.6609594225883484,
1.2525297403335571,
0.9984668493270874,
2.6403174400329590,
0.7730845808982849,
-0.2167488038539886,
-0.5026881694793701,
-1.4401227235794067,
-0.1831144392490387,
1.2676994800567627,
1.3637382984161377,
-0.5022985935211182,
-0.9333785176277161,
-0.6975600719451904,
0.1024971306324005,
0.1513359844684601,
0.5120100975036621,
-0.7384399175643921,
0.3449862003326416,
0.4096069931983948,
-0.0194594487547874,
-1.5004781484603882,
0.5741068124771118,
-0.3577700257301331,
-0.3286834359169006,
0.0337515063583851,
0.7771983742713928,
0.9878847002983093,
-2.3781218528747559,
0.6948201060295105,
-0.4516458213329315,
-1.7758408784866333,
-1.1929453611373901,
-0.1319857090711594,
-0.8268083333969116,
-1.8878518342971802,
-0.3767627775669098,
-0.8230518698692322,
0.3086846470832825,
-1.2234892845153809,
0.8848559260368347,
0.5488113760948181,
0.1423819065093994,
-0.3069242238998413,
0.0563189685344696,
-0.4889087378978729,
-0.4643245041370392,
-0.8067560195922852,
-0.6125146746635437,
0.6108543276786804,
1.0090155601501465,
-0.9999622702598572,
-0.5176619291305542,
0.9038792848587036,
-1.5256619453430176,
-0.1624938100576401,
0.1475192308425903]