[0.2713515758514404,
-1.1481561660766602,
0.6286051273345947,
0.2092670351266861,
-1.0946156978607178,
0.5830785632133484,
-0.5982871055603027,
1.1294176578521729,
-0.6731102466583252,
0.0279077533632517,
0.8160839080810547,
-0.2952021360397339,
-0.5589185953140259,
-0.6383895277976990,
0.5325114130973816,
0.9503099918365479,
1.1226024627685547,
-0.7483360767364502,
-1.6958456039428711,
0.1862496584653854,
0.6318935155868530,
-0.7412053942680359,
2.1187229156494141,
1.3150051832199097,
-0.9859485626220703,
-0.4726025462150574,
0.0063941068947315,
-0.3219830691814423,
0.7362008690834045,
2.1636123657226562,
0.1525388658046722,
0.8814918994903564,
-0.8173751235008240,
0.6262100934982300,
0.5121220350265503,
1.0917826890945435,
-0.5185185670852661,
-0.2521620988845825,
1.1785479784011841,
0.0076845115981996,
-0.0819743499159813,
1.4244271516799927,
0.6508190631866455,
0.9445565342903137,
0.3943645954132080,
0.7704156637191772,
-0.2813605666160583,
-0.4378881752490997,
1.1616683006286621,
-0.1153125390410423,
-0.0540180094540119,
-0.1271860897541046,
-0.1149477735161781,
1.3133343458175659,
1.1244097948074341,
-0.8464550375938416,
1.3206284046173096,
0.2828390896320343,
-0.1518770605325699,
0.3880304694175720,
-0.1922164261341095,
-1.5024507045745850,
-0.4642194211483002,
0.2566157281398773,
0.6052136421203613,
-0.7571260929107666,
1.3936810493469238,
-0.9093762636184692,
-1.0034397840499878,
-0.5981565117835999,
0.7800825834274292,
1.0992807149887085,
-0.5118187665939331,
0.3226071894168854,
-1.6373611688613892,
0.3550392687320709,
-1.3299264907836914,
-1.3358112573623657,
0.5230683684349060,
0.0403249710798264,
-0.8541089296340942,
0.6953600049018860,
-0.2583740651607513,
-0.0223646592348814,
0.9469944834709167,
-0.1412334293127060,
1.4719800949096680,
0.9205930233001709,
-1.8789168596267700,
1.0177975893020630,
1.2528169155120850,
-1.7740305662155151,
0.3904680609703064,
0.5169387459754944,
0.0133041832596064,
2.3100430965423584,
-0.1771229654550552,
-0.8934963941574097,
0.6910567879676819,
-1.0921843051910400]