[0.3799613416194916,
-0.4370284080505371,
-1.1126217842102051,
-0.4082846641540527,
0.6163326501846313,
-1.3923002481460571,
0.4723989963531494,
1.4004341363906860,
-0.1307218819856644,
0.4733967483043671,
1.0389871597290039,
1.6646445989608765,
-2.0520553588867188,
1.8727807998657227,
-1.3144882917404175,
0.1888700425624847,
-1.0638582706451416,
-0.3067930936813354,
-0.3078675270080566,
0.3521745502948761,
-0.5394153594970703,
0.1432102769613266,
-0.6187840104103088,
0.6710218191146851,
-1.0780463218688965,
1.3794581890106201,
0.6743649244308472,
0.2386936694383621,
0.3024392426013947,
-0.2373032569885254,
-1.5647343397140503,
0.6381728649139404,
-0.2912209630012512,
-1.2726191282272339,
-0.3883861303329468,
0.6220552325248718,
0.6902405023574829,
0.3123629987239838,
1.4992401599884033,
-1.5908453464508057,
2.0807838439941406,
-0.0416864715516567,
-0.3609611988067627,
0.0862506479024887,
0.1370664536952972,
-1.2801802158355713,
0.7215675711631775,
1.6911655664443970,
1.7183078527450562,
-0.0484137535095215,
-0.5316564440727234,
0.9158463478088379,
1.4250885248184204,
1.1901603937149048,
1.3263125419616699,
-0.1495283544063568,
0.7518694996833801,
-1.7590097188949585,
-1.0767912864685059,
-0.8530594706535339,
1.8965315818786621,
-1.7613801956176758,
-0.9039152860641479,
-0.7883564233779907,
1.1906524896621704,
-0.0802921354770660,
0.8881453275680542,
0.8854033350944519,
-1.2643671035766602,
1.8275034427642822,
-0.4876898527145386,
0.0183117259293795,
-1.2538162469863892,
-0.5963655114173889,
-0.2491497248411179,
0.6451568007469177,
-0.6579971909523010,
0.2922195494174957,
0.9204057455062866,
-1.5603607892990112,
0.4534902870655060,
-1.9436150789260864,
-0.0577358044683933,
0.2557291686534882,
0.1535431295633316,
-0.1263948082923889,
-1.8279141187667847,
0.0192550551146269,
0.1390375792980194,
0.7040536403656006,
-0.8996650576591492,
-1.4850801229476929,
-0.0956057980656624,
-1.3502713441848755,
-0.4235268235206604,
0.8469004034996033,
-0.2214083075523376,
0.1387418061494827,
0.5454006195068359,
-1.5968577861785889]