[-0.6607985496520996,
-0.9221590161323547,
-0.3220695555210114,
-1.7989461421966553,
0.3539441525936127,
0.6326951384544373,
0.4235054254531860,
-0.6425499916076660,
0.6141366958618164,
-0.5412779450416565,
-0.3506382703781128,
-1.1753576993942261,
-0.0692463964223862,
2.4577777385711670,
-0.0125270802527666,
0.6940170526504517,
1.2421330213546753,
-0.4199970066547394,
0.3899785578250885,
2.7832524776458740,
1.5796710252761841,
-0.7169001102447510,
1.7849905490875244,
1.0173898935317993,
-0.7813503742218018,
0.1306407451629639,
-0.7566934823989868,
-2.0733907222747803,
1.2419360876083374,
-0.1698435395956039,
1.3000020980834961,
-0.6615160703659058,
-0.0099208336323500,
-1.7654141187667847,
-0.0956346914172173,
-0.5531735420227051,
2.5906372070312500,
0.6162770390510559,
-0.1666718721389771,
0.2976693511009216,
-0.1839214563369751,
-0.5836501121520996,
-1.0781370401382446,
-0.0754998698830605,
-0.4355328083038330,
-0.5838744640350342,
-0.2403271347284317,
0.5834305286407471,
-0.3633515238761902,
1.2968257665634155,
0.4400403499603271,
-0.0502225197851658,
-0.7995517849922180,
-0.0419992543756962,
0.6079644560813904,
0.8712497353553772,
0.0345400571823120,
0.5092923641204834,
-0.0858134776353836,
1.5004351139068604,
-0.8686203956604004,
-0.2452539652585983,
-0.7192122340202332,
-0.2085428833961487,
-1.1213929653167725,
2.8286771774291992,
-1.7916361093521118,
1.0716130733489990,
-1.2146079540252686,
-0.8836060762405396,
0.9751774072647095,
-0.0161612853407860,
-1.9459896087646484,
-0.4052469134330750,
0.7080276012420654,
-0.9894653558731079,
0.4839597642421722,
-0.7013368606567383,
-0.0578322112560272,
-0.1040245890617371,
-1.4903057813644409,
2.4135527610778809,
-0.2034377902746201,
-0.2275978475809097,
0.3877278566360474,
-0.7286471724510193,
0.1651366651058197,
-1.4563627243041992,
-0.0528102554380894,
1.7460417747497559,
0.6959383487701416,
-1.5688271522521973,
-0.7671536207199097,
0.9834877252578735,
-0.1913741081953049,
-2.3749930858612061,
-0.9477435350418091,
-0.3787093162536621,
0.5453631877899170,
-0.7768028378486633]