[2.7418711185455322,
-0.0039158696308732,
1.2381497621536255,
0.9665740132331848,
0.1233038976788521,
0.0034372005611658,
1.3784438371658325,
-0.0958390757441521,
-1.0663512945175171,
0.3267773389816284,
0.6628915071487427,
0.1823852062225342,
-0.8224746584892273,
-0.7974629402160645,
-0.0510645471513271,
0.4616158902645111,
1.8323141336441040,
0.1814789324998856,
-0.1629981249570847,
-1.5202528238296509,
-1.7976529598236084,
1.0782631635665894,
-0.7866920232772827,
0.5182716250419617,
2.0883100032806396,
2.0147607326507568,
1.3659027814865112,
0.6405764222145081,
-1.4079571962356567,
0.1947337836027145,
0.5438476800918579,
-1.3172607421875000,
0.4652389883995056,
-0.2699638605117798,
0.5969576835632324,
-0.5531269311904907,
-0.6358454823493958,
1.0547760725021362,
-0.4290680289268494,
1.2331155538558960,
0.4607421755790710,
1.0915811061859131,
0.6289578080177307,
-0.4265561997890472,
0.6295629143714905,
2.1167397499084473,
-0.3374888300895691,
-0.8683332204818726,
-0.4877327680587769,
-2.1205568313598633,
0.4334894418716431,
-0.6044974923133850,
1.6175180673599243,
0.8501139879226685,
1.1462610960006714,
-0.1416228711605072,
-0.8194758892059326,
-0.8936768174171448,
-0.8528838157653809,
-0.1207333430647850,
-0.1987700313329697,
0.2642637193202972,
-1.2685617208480835,
-0.8284956216812134,
-0.6963633894920349,
-1.0620975494384766,
2.5009236335754395,
1.4311836957931519,
0.5454084277153015,
-0.6932689547538757,
-0.0004787920915987,
-0.6740497946739197,
-0.1618305295705795,
-0.0487535335123539,
-1.4853848218917847,
0.5763778686523438,
-1.3313730955123901,
-1.6555389165878296,
-1.7342714071273804,
-0.0819027721881866,
-0.3920991718769073,
-2.8396291732788086,
-0.1211259290575981,
2.2089655399322510,
0.1486912816762924,
0.1671177595853806,
0.3366275429725647,
-0.1210746765136719,
1.3359754085540771,
-0.3440917134284973,
-0.8498344421386719,
0.7999325990676880,
-0.1956377327442169,
0.1143560260534286,
-0.3359967470169067,
0.7442100048065186,
-1.0948276519775391,
0.6150220036506653,
-0.5959667563438416,
0.1790008842945099]