[-1.5944586992263794,
0.2205662578344345,
1.5120903253555298,
0.4537976384162903,
-0.3145071864128113,
0.2884178161621094,
-1.6508861780166626,
0.7827302813529968,
-1.3627274036407471,
1.1569535732269287,
0.9696832299232483,
0.8047791123390198,
-2.3199050426483154,
2.0999591350555420,
0.7304502725601196,
-0.1185706406831741,
0.3821727335453033,
-0.4491442441940308,
-1.0551424026489258,
-1.1127171516418457,
-1.2626606225967407,
1.3524810075759888,
-1.1092684268951416,
1.0718683004379272,
0.9025311470031738,
-1.1386964321136475,
0.5520118474960327,
-0.9171471595764160,
0.3355550765991211,
-0.1659801155328751,
-0.2420887798070908,
-0.6281495094299316,
0.3980546593666077,
-1.3353868722915649,
0.2144042253494263,
-0.8467246890068054,
-0.4546165764331818,
0.9343535900115967,
-0.7612932920455933,
-0.6381752490997314,
1.5284829139709473,
-0.5832383632659912,
0.1823403239250183,
-0.9661765098571777,
-0.7970070242881775,
1.3483499288558960,
-0.9444057941436768,
1.4387315511703491,
-0.0040258402004838,
0.0945025309920311,
-1.3219513893127441,
-0.5268186926841736,
-0.3472605347633362,
1.1264137029647827,
0.4611587524414062,
0.3821251988410950,
1.3256621360778809,
0.4374714493751526,
0.6430082917213440,
0.6549572348594666,
0.9849790334701538,
1.0076500177383423,
1.0137660503387451,
-1.2891649007797241,
-1.4480599164962769,
-0.2681221663951874,
-0.5704481601715088,
-0.6620773077011108,
-0.3792501091957092,
1.4923361539840698,
1.3502837419509888,
0.2382195293903351,
1.1149374246597290,
0.5578048229217529,
0.6628782153129578,
-1.4211263656616211,
-2.1782226562500000,
2.0578997135162354,
-0.0815379768610001,
1.3884558677673340,
0.4692815244197845,
-0.5804082751274109,
0.2861512005329132,
-1.5905097723007202,
0.0209225397557020,
0.1359615623950958,
-1.4478039741516113,
1.7196632623672485,
0.3778289556503296,
-1.5342948436737061,
-1.3560950756072998,
0.4496972560882568,
1.2977899312973022,
0.0923566222190857,
0.1365592330694199,
-0.2082655280828476,
-0.5743122100830078,
-1.7646771669387817,
-0.5750653743743896,
-0.6620988249778748]