[-0.7133795022964478,
2.5825281143188477,
1.4738274812698364,
-1.7306497097015381,
-1.2590878009796143,
-1.2749048471450806,
-0.0330484397709370,
0.0899884030222893,
0.6775987744331360,
-1.0326554775238037,
-0.4635906219482422,
-0.0568625852465630,
-0.1580155044794083,
-0.2597364485263824,
-0.3555062413215637,
0.5926128625869751,
0.7337586283683777,
0.1122166067361832,
0.0157345011830330,
-1.4925640821456909,
-0.2986790239810944,
0.4203023314476013,
0.3878360986709595,
0.3802634775638580,
-0.0069032739847898,
-0.0607487484812737,
0.4603333473205566,
-0.1435024738311768,
-2.2444610595703125,
-1.5896774530410767,
-0.2898038625717163,
1.6090233325958252,
-0.7096581459045410,
-0.7770357728004456,
-0.9898275732994080,
-1.2731962203979492,
-0.0658844634890556,
-0.4065854847431183,
-0.7159693241119385,
0.7475073933601379,
-0.6381572484970093,
0.7442354559898376,
0.6543850898742676,
2.0534296035766602,
-0.7244517207145691,
-0.7301828861236572,
0.6416122913360596,
0.1688602715730667,
0.8637604117393494,
-0.4853903651237488,
0.6296413540840149,
0.9626294970512390,
-1.8460505008697510,
0.9056178927421570,
-0.7895733714103699,
-0.7993206977844238,
-0.7066041231155396,
-0.1333706825971603,
-1.3331645727157593,
1.3411332368850708,
-0.6011122465133667,
-0.0227513909339905,
-1.5849931240081787,
-0.4272302091121674,
-1.2211912870407104,
0.5818796157836914,
0.4554851949214935,
1.6129132509231567,
-1.5122596025466919,
-0.2369348108768463,
0.3243784606456757,
-0.6782515048980713,
1.0404918193817139,
-1.7371574640274048,
-0.3548650145530701,
0.9153324365615845,
0.7814237475395203,
0.2972179353237152,
0.5999319553375244,
-2.1090755462646484,
0.3199657201766968,
-0.0789548531174660,
0.1680595725774765,
-2.2610380649566650,
-0.2659505605697632,
1.7846359014511108,
-2.1396660804748535,
0.2645285725593567,
-0.2273989468812943,
0.1635114103555679,
0.1216765046119690,
0.0093667963519692,
0.1031048074364662,
-0.1257250159978867,
-1.5964529514312744,
1.2787578105926514,
0.5854109525680542,
-0.1869343221187592,
-1.3246184587478638,
-0.9156826734542847]