[-0.6775724291801453,
-1.4774539470672607,
-0.7455162405967712,
-1.3217891454696655,
2.2729885578155518,
-0.1529947966337204,
-1.6843372583389282,
0.5582972168922424,
0.5933324694633484,
-1.7148978710174561,
-1.0135486125946045,
1.5639890432357788,
-1.7742894887924194,
0.3101046979427338,
-1.0330080986022949,
0.1514374017715454,
-0.1525826603174210,
0.7579880356788635,
0.8765049576759338,
0.5016635656356812,
0.9456732869148254,
-0.5756876468658447,
-0.1657782793045044,
0.4134969115257263,
0.7288755774497986,
-1.1717343330383301,
1.4636737108230591,
0.2294697761535645,
2.0697779655456543,
0.4135686755180359,
-0.3032017946243286,
-1.3859800100326538,
-0.3618670701980591,
-0.0459185801446438,
0.9022955894470215,
0.8841840028762817,
0.1930546164512634,
-0.4677329063415527,
-0.6298508048057556,
1.5299736261367798,
0.4603056609630585,
0.7786526679992676,
-1.1566615104675293,
2.9284431934356689,
1.1490097045898438,
-0.1340841501951218,
-0.4436337947845459,
-0.4414224922657013,
0.2183927446603775,
-1.5830987691879272,
-0.7728565931320190,
-0.9509253501892090,
-1.7052322626113892,
2.7868082523345947,
-0.4122920334339142,
-0.0206875614821911,
-1.1792428493499756,
0.1415982842445374,
0.1566818803548813,
0.1951270997524261,
0.4896292686462402,
-1.1476542949676514,
-0.5141704082489014,
0.2443226426839828,
0.5047879815101624,
-1.5177187919616699,
2.3675804138183594,
-1.4373860359191895,
0.2621608674526215,
-0.9712813496589661,
-0.7294046282768250,
-0.8152660727500916,
0.4774428606033325,
1.4003278017044067,
-1.3633781671524048,
1.1498981714248657,
-0.6189697384834290,
0.0256234537810087,
-0.2948445081710815,
-0.5680997371673584,
1.0210162401199341,
0.8017647862434387,
0.9338482022285461,
-0.0661879032850266,
0.5334025621414185,
-1.1100568771362305,
1.5413408279418945,
-1.3337804079055786,
2.2998087406158447,
1.6726493835449219,
0.4710705280303955,
-0.4131758213043213,
1.5671496391296387,
0.3757040798664093,
0.3617304265499115,
-0.3496271073818207,
-0.2004506140947342,
1.0721246004104614,
1.4680904150009155,
-1.1707609891891479]