[-1.4542742967605591,
-1.1454182863235474,
0.2893786132335663,
0.8412017226219177,
-1.9249737262725830,
-0.9577909708023071,
0.1547994911670685,
-0.0542424656450748,
0.5191014409065247,
0.6428977251052856,
0.6070437431335449,
-1.1600090265274048,
1.2787117958068848,
0.6752348542213440,
0.2249375283718109,
0.9804205298423767,
0.3394899070262909,
-0.0958673804998398,
0.5100056529045105,
0.6282887458801270,
0.8865048289299011,
-0.8790280222892761,
-0.1454316079616547,
1.3553918600082397,
1.3920077085494995,
-1.1517478227615356,
0.9687218070030212,
0.4090169668197632,
0.6539242863655090,
-1.9493112564086914,
-0.4555694460868835,
0.5958920121192932,
-1.0396233797073364,
-2.3402440547943115,
2.0862159729003906,
0.3020289242267609,
-0.5015295147895813,
1.3609659671783447,
0.7552585005760193,
-0.6715452075004578,
1.0339232683181763,
1.0044568777084351,
-1.0680674314498901,
-0.8403061032295227,
-1.0256749391555786,
2.1772181987762451,
-0.2914236485958099,
-0.7036552429199219,
1.3845565319061279,
0.3252661526203156,
1.1304411888122559,
0.3939138650894165,
0.6547648310661316,
1.7845916748046875,
0.0988065302371979,
1.1271595954895020,
1.1899698972702026,
0.5787203311920166,
-0.5046700239181519,
0.9430726170539856,
-2.6046929359436035,
-1.5932720899581909,
1.0941438674926758,
0.9147972464561462,
-0.3826578557491302,
0.2206496596336365,
1.0185554027557373,
-0.1772583276033401,
-1.3217996358871460,
0.5445536971092224,
-1.3097131252288818,
0.5121626853942871,
0.7948079109191895,
0.3243587017059326,
-1.3543738126754761,
-1.1414276361465454,
-0.9878457784652710,
1.2082602977752686,
0.0116600850597024,
0.2433424890041351,
-0.3847471475601196,
0.1910574585199356,
0.8380575180053711,
-2.1473116874694824,
1.2096157073974609,
-0.1902610957622528,
0.4010321497917175,
0.9075069427490234,
0.7247638106346130,
-1.4823732376098633,
2.0533602237701416,
-2.3539521694183350,
0.3133301138877869,
0.5336351394653320,
-0.1169507503509521,
0.2372159808874130,
-0.2898645102977753,
0.6500797271728516,
-1.1381621360778809,
-1.1807767152786255]