[-1.3770027160644531,
-0.3363384008407593,
0.6090693473815918,
-0.2851128280162811,
-0.7146866321563721,
-0.3217037320137024,
0.7760357856750488,
-0.2860460579395294,
-0.1255648136138916,
-0.5447078347206116,
0.4818452298641205,
1.7110922336578369,
-0.2186859697103500,
-2.3958299160003662,
-1.3750253915786743,
0.2397719919681549,
-1.0257359743118286,
-0.0586709342896938,
0.4369272887706757,
-0.1533896774053574,
-1.2793148756027222,
-0.0544121824204922,
-0.1047637611627579,
0.0260545648634434,
0.4480950236320496,
1.1030583381652832,
0.0476015992462635,
-0.2424160987138748,
0.8049234747886658,
0.7360129952430725,
0.4826027452945709,
0.5586710572242737,
-1.7233717441558838,
-1.1320492029190063,
-0.8442738056182861,
0.6734920144081116,
-1.3427300453186035,
0.7695587873458862,
0.3881590664386749,
-0.4157958626747131,
-0.4579029083251953,
-1.4057158231735229,
-0.8134196400642395,
-0.4488669931888580,
-0.1393362879753113,
-0.5720834732055664,
-1.6034436225891113,
0.8745275735855103,
0.7442376017570496,
0.8612760305404663,
0.3698073327541351,
2.1101722717285156,
-1.7799075841903687,
-2.0806462764739990,
1.5667932033538818,
-0.8343032598495483,
-0.5759848952293396,
0.3151779472827911,
-1.5592740774154663,
0.6255681514739990,
-0.9172706604003906,
1.1175208091735840,
-1.1538718938827515,
-0.0962715968489647,
-0.5787059068679810,
0.7313401103019714,
0.5663710236549377,
0.7919536828994751,
0.6537476778030396,
-0.2892330586910248,
0.5717240571975708,
-0.1628598272800446,
1.2571477890014648,
-0.1212212070822716,
-1.7147344350814819,
0.6038570404052734,
-0.6606787443161011,
-1.3109503984451294,
1.1755830049514771,
1.3933138847351074,
1.2255091667175293,
0.0242556687444448,
0.4487627744674683,
0.2437318116426468,
0.6676656603813171,
-0.5048249363899231,
-0.0838709771633148,
-1.0220600366592407,
0.9212780594825745,
0.7067857384681702,
0.2781415879726410,
0.2230994552373886,
-1.4355760812759399,
-0.7847242355346680,
0.7342140674591064,
-0.3722114264965057,
-2.2511765956878662,
-1.1131421327590942,
-0.8620593547821045,
-0.4855479300022125]