[-1.5791424512863159,
0.0216430891305208,
-0.2295735776424408,
0.4555993080139160,
-0.0090032825246453,
0.6724577546119690,
0.5201678872108459,
-2.1731343269348145,
-0.6422220468521118,
-1.5795762538909912,
0.9849194288253784,
0.0385242253541946,
-2.1536667346954346,
-0.5586671829223633,
-1.3180296421051025,
1.2507764101028442,
1.3915592432022095,
-1.2922354936599731,
-1.3298102617263794,
0.5773805379867554,
-0.1187392398715019,
0.3481233119964600,
0.1409372240304947,
-0.0104669565334916,
-0.6669307947158813,
0.4608145356178284,
0.2282406389713287,
-0.8000262975692749,
-0.8444052338600159,
-1.2444990873336792,
-0.2659039795398712,
1.0216281414031982,
-1.0323303937911987,
-0.8459218740463257,
1.6742147207260132,
-0.3499835729598999,
-1.4476240873336792,
0.0726841315627098,
0.1520060300827026,
-0.4296158850193024,
-1.1368030309677124,
-1.1327581405639648,
-0.3207792937755585,
1.3171119689941406,
-1.4921176433563232,
-1.1240082979202271,
-0.1966610401868820,
0.5919311046600342,
-0.6516807675361633,
-0.3773913979530334,
0.0217546522617340,
0.0012780264951289,
0.2232099473476410,
0.0959887057542801,
1.7234232425689697,
-1.7220379114151001,
0.8502870202064514,
0.4147151708602905,
0.6881244778633118,
0.0991968885064125,
0.7053460478782654,
1.4697651863098145,
2.1374886035919189,
1.6134313344955444,
-1.2962012290954590,
-1.3996425867080688,
1.3734650611877441,
0.8512104153633118,
-1.8841083049774170,
-1.4850736856460571,
-0.5552604794502258,
0.4670889377593994,
-0.1874577850103378,
-0.1245053932070732,
-0.0319524779915810,
-0.0507895983755589,
-0.6941984295845032,
0.0783706530928612,
-0.9940540790557861,
-2.0586767196655273,
-0.7773179411888123,
0.5658153295516968,
-0.5195237398147583,
-0.4808101654052734,
1.0449967384338379,
1.0118449926376343,
-2.5417423248291016,
0.4494146406650543,
1.4258084297180176,
-1.0973629951477051,
1.0119723081588745,
0.1206821352243423,
1.4604568481445312,
-0.7737600207328796,
-1.0693656206130981,
0.0802350938320160,
-1.5986164808273315,
0.7838039398193359,
-0.8086466789245605,
-0.8109471797943115]