[0.1980830281972885,
-0.7815425395965576,
-1.2924262285232544,
0.6686636209487915,
-0.1633538007736206,
0.6961914300918579,
-0.5510000586509705,
0.7320271730422974,
0.8078139424324036,
-0.6646967530250549,
1.7866053581237793,
0.7114855647087097,
0.4870993196964264,
1.6178319454193115,
0.2042165100574493,
1.2369363307952881,
1.5667648315429688,
-1.0178468227386475,
0.0026296013966203,
0.3350450992584229,
0.5314363241195679,
0.0068027023226023,
0.5516256093978882,
0.0027746080886573,
0.3880832493305206,
-0.0542875677347183,
-1.2323206663131714,
0.0632903873920441,
0.2621774077415466,
-1.0404835939407349,
-0.0140874683856964,
-1.4099180698394775,
-0.8170994520187378,
-0.0160124804824591,
0.1000361070036888,
-0.5314665436744690,
-1.1808868646621704,
0.8238053321838379,
0.1149207428097725,
1.1754052639007568,
0.2680873274803162,
0.8973898291587830,
-1.7037996053695679,
0.7519271373748779,
-0.2984336912631989,
0.6508941650390625,
-0.9062397480010986,
2.2160921096801758,
1.3378711938858032,
0.8634683489799500,
1.3769025802612305,
1.0200031995773315,
1.2067216634750366,
0.7860835790634155,
-1.7054476737976074,
-1.2115325927734375,
0.1713309437036514,
0.7816125154495239,
-2.0038971900939941,
1.9103013277053833,
-0.0661332756280899,
-0.7765980362892151,
1.0533727407455444,
-1.4650651216506958,
0.1368608474731445,
-0.2028000801801682,
-0.3985372483730316,
-0.9806887507438660,
-0.4816374778747559,
0.4945864379405975,
-0.9691302180290222,
-1.0086630582809448,
0.5664483308792114,
-0.2167019098997116,
0.4150888621807098,
1.0997616052627563,
-0.8305401206016541,
-1.8612061738967896,
0.3303646147251129,
-0.5752449631690979,
0.4618904888629913,
0.4517827332019806,
-0.5374417901039124,
1.9942038059234619,
-2.2483766078948975,
0.5668864846229553,
0.0407270714640617,
0.7007889151573181,
0.3090458810329437,
0.3450253307819366,
-0.1429679840803146,
-1.5254646539688110,
0.1708664447069168,
1.1657267808914185,
0.2705237865447998,
0.3304999470710754,
0.9329439997673035,
-0.4771813154220581,
-0.9360538721084595,
-0.2327669113874435]