[0.1898538321256638,
-1.2683477401733398,
-1.3772891759872437,
-0.7593209147453308,
-0.3184084594249725,
-0.5730975270271301,
0.5970422625541687,
0.0187036823481321,
1.3850730657577515,
-1.4051709175109863,
-1.1321769952774048,
-1.4616947174072266,
0.9193454384803772,
-1.1363549232482910,
-1.0072584152221680,
0.8537886738777161,
-1.3040289878845215,
0.8793439269065857,
0.6342480182647705,
0.3871590793132782,
1.0008205175399780,
0.0894032865762711,
-1.4708576202392578,
0.9765200614929199,
-0.0740562453866005,
0.2312113046646118,
2.2776064872741699,
-1.2137893438339233,
0.4593030512332916,
0.3417079150676727,
-0.6598154306411743,
-0.5995762944221497,
0.0865765362977982,
0.3002471923828125,
0.0745434761047363,
0.5495762228965759,
0.0398312993347645,
0.3172738254070282,
0.0264716949313879,
-1.1123907566070557,
0.9875465631484985,
0.9559589028358459,
-1.0128622055053711,
0.5036897659301758,
0.9105121493339539,
0.7187247276306152,
-1.1039338111877441,
0.8943287730216980,
0.5937182903289795,
1.2547996044158936,
-0.3577748537063599,
1.6031526327133179,
0.4286168813705444,
-1.0428104400634766,
1.3713752031326294,
1.6441671848297119,
0.2807091176509857,
-0.3807362318038940,
0.1306166946887970,
-0.9656587243080139,
-0.7422708868980408,
0.4727409482002258,
-0.4782420396804810,
-1.0510599613189697,
-0.0186569094657898,
0.5039483308792114,
0.2251314967870712,
-0.6956399679183960,
-1.9576908349990845,
-0.4732621014118195,
0.9786790013313293,
0.4871131479740143,
-0.9867266416549683,
-0.2446072101593018,
0.1348004639148712,
-1.4479053020477295,
-1.2227410078048706,
1.6510094404220581,
-0.3281188011169434,
-0.1782448291778564,
-0.7834521532058716,
-0.7503857016563416,
0.9213604927062988,
-1.4400860071182251,
-0.6947221755981445,
0.7186313271522522,
-0.4597511291503906,
0.0051902346313000,
0.5398021340370178,
-1.5249205827713013,
0.4799905717372894,
-0.9640291929244995,
-1.1431758403778076,
0.0132827535271645,
1.7248401641845703,
0.6095022559165955,
-0.2743966281414032,
1.2984945774078369,
1.8656440973281860,
0.1737101823091507]