[-0.1469488888978958,
0.1969060301780701,
-0.9267540574073792,
-1.1466070413589478,
-0.1242233365774155,
-0.4816737174987793,
1.1543953418731689,
-0.5508968830108643,
0.0520335696637630,
-2.8080904483795166,
-0.4587256610393524,
-0.8367652297019958,
-2.8873999118804932,
-0.6119703650474548,
0.8282366394996643,
-0.5180913805961609,
-0.7102407217025757,
-0.5761130452156067,
0.6026057600975037,
-1.5638351440429688,
1.3169262409210205,
0.9120084047317505,
1.0193057060241699,
1.8105531930923462,
0.0476515516638756,
-0.7847417593002319,
0.5144999623298645,
-1.0297981500625610,
1.6565448045730591,
0.9037048816680908,
-0.4949396252632141,
0.1647645533084869,
-1.3081172704696655,
0.2920069396495819,
2.0682260990142822,
-0.8855800628662109,
0.0017991249915212,
-0.1065370142459869,
-0.5786709785461426,
1.6915603876113892,
-0.0874889045953751,
-2.0020110607147217,
0.2726469635963440,
1.2157509326934814,
0.5610125660896301,
0.3056747615337372,
-0.7057975530624390,
0.5495076179504395,
-0.1786290407180786,
-0.5740179419517517,
1.4696972370147705,
-1.0067211389541626,
-0.2342117577791214,
0.0856167823076248,
-0.9953000545501709,
-0.1511593759059906,
-0.2722584307193756,
-0.7252988219261169,
0.3397569060325623,
-1.2329888343811035,
0.2219395786523819,
-0.8502265810966492,
-0.9759929776191711,
-0.7906938195228577,
-0.1423748284578323,
-0.5833559632301331,
-0.4268834888935089,
0.3764019310474396,
-1.2234886884689331,
0.2669261991977692,
-1.1376525163650513,
2.0584657192230225,
0.2557297348976135,
-0.7773441672325134,
0.6768073439598083,
-0.3884215652942657,
-0.9400040507316589,
0.4259520471096039,
-0.6566642522811890,
1.1597977876663208,
-0.2828728556632996,
-1.0731623172760010,
0.6797353029251099,
-0.5440766811370850,
-0.2754792273044586,
1.1172088384628296,
-0.0634459182620049,
1.0311882495880127,
-1.1634413003921509,
0.3178280591964722,
0.1110677346587181,
-1.6560939550399780,
0.0470751747488976,
-0.0450069345533848,
-0.6337799429893494,
0.0475398674607277,
-0.1857047080993652,
-1.5063972473144531,
2.0643610954284668,
0.8230177164077759]