[-0.1561912596225739,
-1.3176107406616211,
0.3949668705463409,
-1.8841398954391479,
-1.3178201913833618,
-1.2333129644393921,
1.0418411493301392,
3.0964205265045166,
0.5461458563804626,
-0.9787713885307312,
2.1001334190368652,
0.5735329985618591,
-0.0929199159145355,
-0.1615923047065735,
-0.3909404277801514,
1.3937102556228638,
-0.3570752143859863,
-1.6964102983474731,
0.9748867750167847,
1.9257410764694214,
0.8334391713142395,
1.7143546342849731,
2.0169639587402344,
-1.1146340370178223,
0.3989591300487518,
0.9224755764007568,
-1.4084374904632568,
-2.1796598434448242,
0.8180589079856873,
0.1877746284008026,
0.0059186299331486,
1.0977678298950195,
-0.7756562829017639,
0.0683491304516792,
1.1989164352416992,
-0.4142526090145111,
0.0533016100525856,
-1.5556426048278809,
0.1665505915880203,
-0.6577324867248535,
0.8033694624900818,
-0.4623759984970093,
1.3466150760650635,
-0.9858083128929138,
1.3084895610809326,
1.2018893957138062,
-0.2921276390552521,
-0.3514694571495056,
-1.3222196102142334,
-0.4021894335746765,
0.6978011131286621,
-0.9169853925704956,
-1.1911703348159790,
1.1731863021850586,
0.7799283266067505,
-0.5841647982597351,
-1.6948274374008179,
0.3282925784587860,
-1.7237263917922974,
0.5032936334609985,
0.3847334682941437,
2.4387738704681396,
0.2568163573741913,
0.1510211527347565,
1.0193595886230469,
1.0090352296829224,
0.2762755751609802,
1.1781151294708252,
0.8493062257766724,
0.7430466413497925,
0.2544263005256653,
1.2228794097900391,
0.4021422564983368,
-0.9609037041664124,
-0.0240276549011469,
0.2383938431739807,
-2.5391955375671387,
-0.9361321926116943,
1.2994066476821899,
1.1106717586517334,
-0.2389193177223206,
1.1997996568679810,
0.3050740361213684,
0.1512274295091629,
0.1449702531099319,
0.0697360485792160,
-1.2121794223785400,
-0.1024703457951546,
0.3851016759872437,
0.0264977887272835,
-1.0401654243469238,
-0.7292036414146423,
0.9064767956733704,
-1.2879775762557983,
0.4064376056194305,
-1.2585304975509644,
0.1720230132341385,
2.0945603847503662,
-0.7039768099784851,
-0.8696981668472290]