[-1.1234247684478760,
0.4182847440242767,
-0.3990438282489777,
0.8087704181671143,
-0.7420839071273804,
0.4174143671989441,
0.6359464526176453,
-1.5384886264801025,
0.3067933917045593,
-0.9670413732528687,
-0.5091304183006287,
0.5581170916557312,
0.6668796539306641,
0.3097139894962311,
0.6601939201354980,
-1.0613129138946533,
-0.4995151460170746,
-1.4091582298278809,
-0.6407892107963562,
0.0023319337051362,
1.2517218589782715,
-0.3245484530925751,
0.4539445638656616,
-0.1045563966035843,
0.3408966362476349,
0.4567956626415253,
0.5887073874473572,
-0.8006525635719299,
-0.2752299606800079,
-2.2499220371246338,
-0.6219853758811951,
-0.3237907886505127,
-1.1824859380722046,
0.0764600783586502,
0.1782209128141403,
-0.9319307208061218,
0.6680609583854675,
-0.5842676162719727,
0.6461765766143799,
0.9605737924575806,
-0.7048023343086243,
-0.3721120059490204,
-1.4017850160598755,
-1.5147067308425903,
0.0159212108701468,
-0.6066300868988037,
2.6332919597625732,
2.2252714633941650,
-0.3762899339199066,
-1.4540728330612183,
1.0759277343750000,
-1.2411450147628784,
0.1481356918811798,
-0.6146909594535828,
-0.6927039623260498,
0.4901874363422394,
0.8225029110908508,
-2.1844949722290039,
-1.1757549047470093,
-0.3840352594852448,
0.9216203689575195,
0.0944688171148300,
-0.5037457942962646,
0.5364103317260742,
0.3756012618541718,
0.3104220330715179,
0.4808658957481384,
-1.2133396863937378,
0.9060482978820801,
-0.5724518895149231,
1.6707739830017090,
0.6227360963821411,
-1.9567201137542725,
1.0563148260116577,
-1.3853267431259155,
-1.4034241437911987,
-0.1943373382091522,
-0.3061563670635223,
0.8363479375839233,
0.5708556771278381,
-0.7960355877876282,
2.1743333339691162,
-1.1919407844543457,
-0.2361159324645996,
0.6063867211341858,
1.3582139015197754,
2.7031085491180420,
0.9540991187095642,
0.0354669764637947,
-0.6796532869338989,
-0.0878408998250961,
-1.0054091215133667,
0.0382878221571445,
1.5523108243942261,
-0.4153242111206055,
1.2836403846740723,
0.8915016651153564,
0.0476945042610168,
-0.1658393591642380,
0.4823481738567352]