[1.2668766975402832,
-0.7019257545471191,
-0.1503824591636658,
-0.5783557891845703,
-0.9634564518928528,
-0.3842314779758453,
-0.8678567409515381,
-2.2946050167083740,
-1.1291350126266479,
0.8890661001205444,
0.6982768177986145,
-1.5081831216812134,
0.1885796040296555,
1.0166878700256348,
0.7817770242691040,
-0.5842945575714111,
0.0399835780262947,
-1.2711212635040283,
-0.9488874077796936,
-0.3845433890819550,
0.3018651902675629,
0.1417247653007507,
-0.7877655625343323,
0.6675683856010437,
0.3522147238254547,
-0.0153866428881884,
0.8862494826316833,
0.5406567454338074,
1.1454819440841675,
0.3938171267509460,
0.3761895298957825,
1.1503602266311646,
0.9406567215919495,
-0.4629266262054443,
-0.4025153517723083,
-0.6557895541191101,
-1.4478923082351685,
0.4628902971744537,
1.1652166843414307,
-0.8337744474411011,
-2.6780388355255127,
1.2764285802841187,
-1.6969498395919800,
0.1366722732782364,
-0.1615872085094452,
-0.6586759686470032,
2.2857174873352051,
-0.3072060942649841,
0.2215601056814194,
1.2289617061614990,
-0.6776410937309265,
-1.2828136682510376,
0.1330711990594864,
1.6641591787338257,
0.9448353648185730,
1.9986199140548706,
-1.4692250490188599,
0.8710389733314514,
-0.7690626382827759,
-0.1378695964813232,
0.1291781961917877,
0.2507548332214355,
0.4789215922355652,
-1.2110270261764526,
-0.7906568050384521,
-0.3087070584297180,
-1.5267341136932373,
0.1621165275573730,
1.2508076429367065,
-2.4762763977050781,
0.4291205704212189,
0.7116327881813049,
-1.4367593526840210,
-0.1256009638309479,
-0.8584293127059937,
0.5378251671791077,
-1.0893069505691528,
1.0964328050613403,
1.9127067327499390,
-1.4164568185806274,
-0.6592434644699097,
0.3056603968143463,
0.8476588129997253,
-0.0520412512123585,
-1.1742920875549316,
0.2969425320625305,
0.0863679647445679,
0.1878808736801147,
-0.2187393307685852,
0.5390676259994507,
1.8181685209274292,
1.2270971536636353,
-0.5515372753143311,
-1.0168302059173584,
0.9150142073631287,
-0.4168101847171783,
0.5246827602386475,
0.3145393729209900,
-0.8844064474105835,
-0.6039205789566040]