[1.5396258831024170,
-0.9088205695152283,
0.0436974503099918,
-0.6799883842468262,
-0.8348180651664734,
-0.6186107993125916,
0.4281870126724243,
0.0815802887082100,
-0.5156502723693848,
0.6801496744155884,
-2.4805269241333008,
1.5267664194107056,
1.2774984836578369,
0.4049934148788452,
-1.3372323513031006,
0.6117314696311951,
-0.0376450978219509,
0.2597488164901733,
-0.6497898697853088,
-0.2405144274234772,
-0.2010413855314255,
-0.9542450308799744,
0.2753332257270813,
2.5568621158599854,
0.3313486278057098,
0.1021252721548080,
1.1921395063400269,
0.7679417133331299,
0.1369184106588364,
0.5293821096420288,
0.0400374606251717,
-0.4427492618560791,
0.0861456692218781,
0.2706900238990784,
-1.7773284912109375,
1.1255506277084351,
0.3574603796005249,
-0.9769072532653809,
-0.6968678832054138,
1.4128668308258057,
1.8771216869354248,
1.5236314535140991,
-1.0835088491439819,
0.1096114218235016,
0.7868015170097351,
-0.6251794695854187,
0.0888990685343742,
-0.3868901729583740,
0.2598948776721954,
1.2755517959594727,
-1.3975540399551392,
-2.0563845634460449,
0.1994755268096924,
-0.2901650071144104,
-0.7579683065414429,
-0.2224844843149185,
0.1674223989248276,
0.9374136328697205,
-0.5275076627731323,
0.8744265437126160,
2.1521642208099365,
-1.4628217220306396,
-0.4243858456611633,
0.1809181869029999,
0.6811398863792419,
-0.6793565154075623,
-0.5229347348213196,
0.1437405198812485,
0.9926444292068481,
0.9996653199195862,
-0.0106652667745948,
0.3325213193893433,
0.9065607190132141,
-0.5000081658363342,
0.7698486447334290,
-0.7083523869514465,
1.2335135936737061,
1.0091983079910278,
-0.7783567905426025,
0.3588181734085083,
-0.2881162762641907,
-0.3748044967651367,
-0.4576049447059631,
0.9058542847633362,
0.8189213871955872,
0.4539902508258820,
-0.2473879754543304,
1.5909144878387451,
-0.8518706560134888,
-0.8313347697257996,
-0.8997092247009277,
0.0368331857025623,
0.7496020793914795,
0.0020037286449224,
-0.1480086594820023,
-0.0890422463417053,
0.4587107002735138,
-1.0154854059219360,
-0.8603560924530029,
0.7795198559761047]