[-0.8025397062301636,
0.1594360470771790,
0.3438521325588226,
-0.8280512094497681,
1.1396114826202393,
0.0524321310222149,
-0.9308250546455383,
0.3857308626174927,
-0.4441674649715424,
-1.5931655168533325,
0.3161778450012207,
1.2749565839767456,
0.8788720965385437,
0.3232258558273315,
0.9478058815002441,
-1.0096166133880615,
0.0082775196060538,
-0.2809007465839386,
0.5297998189926147,
1.9209307432174683,
-0.3522453010082245,
1.7363342046737671,
1.0287808179855347,
-0.8316909074783325,
2.0816402435302734,
-0.4644857347011566,
0.2591052353382111,
0.1490828394889832,
0.0929798409342766,
-0.0767151117324829,
-0.5176728367805481,
0.9588466882705688,
0.6264305710792542,
0.2919684350490570,
2.8878140449523926,
0.3404825031757355,
1.4476689100265503,
0.6516509056091309,
2.6135227680206299,
-1.0179209709167480,
0.1187173649668694,
1.6689422130584717,
-0.4027346372604370,
-0.5484861135482788,
-0.1825133413076401,
0.6706832647323608,
-0.7163411378860474,
-0.6587691307067871,
0.8437207341194153,
-0.3834938108921051,
0.5775415301322937,
-1.5065395832061768,
-0.0312011409550905,
0.8101149797439575,
1.0392680168151855,
1.7132602930068970,
0.9245331287384033,
-0.9788882732391357,
-0.1351690441370010,
-0.6806573271751404,
1.0103002786636353,
1.2260055541992188,
-1.1449993848800659,
0.2791115939617157,
-1.5658984184265137,
0.1809265315532684,
0.3356452882289886,
-0.5862953662872314,
-2.5388345718383789,
-0.2761420011520386,
0.4984060525894165,
-0.7520807981491089,
0.2160158157348633,
1.0745061635971069,
-0.1069095954298973,
-0.7965401411056519,
-0.4541083276271820,
-0.0519129931926727,
-0.3281658291816711,
-0.0549527928233147,
0.0739649832248688,
-0.5179218649864197,
1.1406924724578857,
-0.1698712408542633,
-0.7773910164833069,
-0.5989304780960083,
-1.5625584125518799,
0.5921226143836975,
-0.7145413756370544,
0.0257786121219397,
-1.7974675893783569,
0.0994736328721046,
0.3524135947227478,
1.1801528930664062,
-0.0774208232760429,
-0.1474725306034088,
-0.7919976115226746,
-0.3044715821743011,
-1.1762157678604126,
1.1603907346725464]