[1.5253579616546631,
-1.3506590127944946,
0.8428961634635925,
0.7324391007423401,
0.7619072198867798,
-2.7262198925018311,
-0.5443457961082458,
1.4378224611282349,
1.3995360136032104,
0.4399800002574921,
-0.7342737913131714,
0.1354209184646606,
-0.1593810021877289,
0.5105774402618408,
1.0599843263626099,
-0.8049104809761047,
-0.3364380896091461,
0.5109130740165710,
0.4408616125583649,
-0.2364126145839691,
-2.2094957828521729,
0.4286117255687714,
0.0455916449427605,
-2.9327557086944580,
-0.8474127054214478,
-1.4777145385742188,
1.5240362882614136,
1.7032302618026733,
0.6570686101913452,
-0.2906835079193115,
1.4353113174438477,
-0.9815940856933594,
-0.0607259497046471,
-0.5159127116203308,
0.1447363495826721,
0.0678925961256027,
-0.2923596501350403,
-0.4598054885864258,
-0.1914409250020981,
-1.5679306983947754,
-0.4109635353088379,
0.7885527610778809,
1.5999552011489868,
-0.2680645287036896,
-0.3777132034301758,
-0.9929926991462708,
1.5394412279129028,
-0.4767665565013885,
1.0538138151168823,
-0.0535406321287155,
0.2869496047496796,
-2.8710548877716064,
-1.0339275598526001,
0.7164278626441956,
0.5049741268157959,
-0.9611517190933228,
-0.6518067717552185,
-0.4539683461189270,
-0.3802551329135895,
0.0745065212249756,
1.0152485370635986,
-0.5891035199165344,
-0.9386186003684998,
0.0081211840733886,
0.0002418756776024,
-1.7271219491958618,
-1.0446817874908447,
0.8441298604011536,
1.2948901653289795,
-1.0654873847961426,
0.6681411862373352,
-1.1440243721008301,
-0.2092593312263489,
2.0774199962615967,
0.7335847616195679,
-1.9015294313430786,
-0.7371061444282532,
-0.3210547268390656,
1.6934514045715332,
-3.1003432273864746,
-0.5038589239120483,
-0.4434939026832581,
0.0428009293973446,
1.1815552711486816,
0.1010127440094948,
0.8433580398559570,
-0.3133809864521027,
-0.4578682184219360,
0.3386717438697815,
2.1918888092041016,
0.3752928972244263,
-0.7442323565483093,
-0.9485277533531189,
1.2860294580459595,
0.8035103678703308,
-0.5974299311637878,
-1.3023356199264526,
-1.4974887371063232,
-1.2067975997924805,
-0.5298516750335693]