[-1.5094059705734253,
0.1515034288167953,
0.3223737776279449,
1.2233783006668091,
-2.8943934440612793,
0.4582645893096924,
-1.0498032569885254,
0.3830729424953461,
0.0683322697877884,
0.5605150461196899,
-0.2846700847148895,
1.2729501724243164,
0.4567582607269287,
1.5522567033767700,
-0.4009154438972473,
3.1046118736267090,
-0.3644900619983673,
-1.5601143836975098,
2.5186426639556885,
-0.3271423876285553,
0.2545629143714905,
0.4381298720836639,
-0.3736609220504761,
-0.5614863038063049,
-0.4171919822692871,
0.1744963675737381,
-2.0472807884216309,
-0.0736785307526588,
1.8560771942138672,
1.2185796499252319,
-0.4313607513904572,
0.5643004179000854,
-0.9347426295280457,
-0.5384135246276855,
0.1265541017055511,
-0.5422509908676147,
2.3761758804321289,
-0.4038469493389130,
-0.5469110012054443,
3.3005781173706055,
-0.0917597860097885,
0.1988041251897812,
-1.0423119068145752,
0.0150481853634119,
1.3775141239166260,
2.6144986152648926,
-0.3604314923286438,
-0.2558042705059052,
-0.2257143408060074,
1.4452469348907471,
-0.5720906853675842,
-0.1672957986593246,
0.3466139137744904,
-1.2894934415817261,
-0.4521509408950806,
0.5278094410896301,
-0.5222615599632263,
0.8166794776916504,
-1.3451029062271118,
1.2898868322372437,
1.4624406099319458,
-1.1260827779769897,
0.4571000635623932,
0.6121721267700195,
0.4195003807544708,
0.1566933244466782,
0.0443903580307961,
0.7586281299591064,
-0.1563696414232254,
0.0856033861637115,
-0.6222881674766541,
0.3895192444324493,
-0.3065804243087769,
-0.0304599851369858,
-0.4012791216373444,
-0.4822935163974762,
-0.9050814509391785,
0.6896931529045105,
-0.0634886324405670,
1.4447027444839478,
3.5617444515228271,
1.0510300397872925,
0.9988173842430115,
-0.4309523403644562,
1.2221010923385620,
0.1051257103681564,
-0.2604506909847260,
-1.3082983493804932,
0.1964606791734695,
-1.2633901834487915,
-0.5294095873832703,
1.4527395963668823,
-0.3908209502696991,
-0.2389071434736252,
0.1187874525785446,
-0.5200643539428711,
2.1809120178222656,
-0.0870587900280952,
-0.3764276206493378,
1.8146684169769287]