[-1.0787968635559082,
1.0978119373321533,
-0.4039498865604401,
-1.1240032911300659,
1.5318942070007324,
-1.2119623422622681,
1.0318636894226074,
-0.8719069361686707,
-0.9437546133995056,
0.5685507059097290,
0.3798107504844666,
0.6807656884193420,
0.2570213079452515,
1.5458838939666748,
-0.1440443247556686,
-0.4045435488224030,
0.1897400468587875,
1.3807733058929443,
0.6484113931655884,
0.4996626079082489,
0.4652784764766693,
1.0071594715118408,
0.7466917037963867,
-0.5033677220344543,
-1.3531445264816284,
0.6718589067459106,
-1.2013642787933350,
1.9563248157501221,
-0.3276371657848358,
-0.6812610626220703,
-0.2658346593379974,
1.0067715644836426,
-0.9528831839561462,
0.2283985167741776,
0.7311012744903564,
-0.8195561170578003,
0.5277189016342163,
0.6575937867164612,
0.1957173943519592,
0.2192922979593277,
1.5631684064865112,
-1.1199119091033936,
-0.1582768708467484,
0.6195392012596130,
0.4317704439163208,
0.2380107939243317,
0.1242153346538544,
0.1138105541467667,
0.5724277496337891,
-0.2432385385036469,
-0.5310854315757751,
-0.7167592048645020,
0.0550271458923817,
0.1232052445411682,
0.3421635031700134,
0.5528442263603210,
-0.4044740796089172,
-2.3988692760467529,
0.8257261514663696,
-1.0179470777511597,
1.0671954154968262,
0.1767360270023346,
0.7619512677192688,
-1.3443545103073120,
0.8713296651840210,
0.1581219136714935,
2.1051433086395264,
-0.7284268140792847,
1.5671856403350830,
-0.4989896118640900,
-1.7511117458343506,
-1.2947205305099487,
0.5736180543899536,
-1.4443720579147339,
-0.3909081220626831,
0.6136843562126160,
-2.2312128543853760,
-0.9308448433876038,
-1.2613385915756226,
0.8611528277397156,
2.0975506305694580,
0.0589879415929317,
0.0701439604163170,
0.4497589766979218,
0.4501822292804718,
0.3398862779140472,
-0.3596949279308319,
0.6064884066581726,
-0.3106541633605957,
-0.1416227817535400,
0.2977452576160431,
-0.1935118138790131,
1.0005509853363037,
-0.5209205150604248,
1.2772972583770752,
0.4267427325248718,
-1.1536353826522827,
0.5904185175895691,
0.4550265967845917,
1.2557591199874878]