[-0.8838662505149841,
0.6704087853431702,
0.0874212011694908,
-0.4573494791984558,
0.7525736093521118,
0.5536196231842041,
-1.5574972629547119,
-2.3982014656066895,
-0.7471420168876648,
1.1676787137985229,
-1.2773107290267944,
0.4155018329620361,
0.3037633895874023,
0.1077510789036751,
0.8333905339241028,
0.1892049610614777,
1.4949054718017578,
-0.4674376845359802,
0.4183757305145264,
0.2860741317272186,
0.9748612642288208,
-0.6454476118087769,
-0.5023137331008911,
0.3129655718803406,
-0.2794245481491089,
-0.7705522775650024,
0.4102681279182434,
0.7899290323257446,
-0.8580748438835144,
-0.1203298494219780,
0.9424709677696228,
0.5144037008285522,
0.5574005842208862,
0.8956199288368225,
-1.1095862388610840,
-0.9268081188201904,
0.1475507766008377,
-0.3393457531929016,
0.6318936944007874,
-1.0138401985168457,
-0.9241289496421814,
-1.6597216129302979,
0.9633812904357910,
0.1974523663520813,
0.5711117982864380,
-0.0604194551706314,
0.5688774585723877,
-0.1403598338365555,
-0.9161058664321899,
-0.1841524541378021,
2.0044894218444824,
-1.0776766538619995,
-0.2668512761592865,
0.1499505043029785,
-0.0963085517287254,
0.2270165532827377,
-2.2530372142791748,
-0.2099594175815582,
-0.5500331521034241,
-1.0928014516830444,
0.9110044836997986,
1.8473150730133057,
-1.4064254760742188,
-1.2268701791763306,
0.3125442564487457,
0.0969744846224785,
0.8203362822532654,
0.9407598376274109,
-0.0869857445359230,
-0.4763703942298889,
-0.1694512516260147,
-0.6783109903335571,
0.7316253185272217,
0.6097487807273865,
-1.1334539651870728,
1.2398927211761475,
0.4792093634605408,
-0.9860817193984985,
-0.6921461224555969,
0.6933494210243225,
-0.9781531095504761,
0.7457060813903809,
0.6027614474296570,
-0.3875722587108612,
0.0772849321365356,
-0.0393073521554470,
0.7256115078926086,
1.7347708940505981,
-1.3243278264999390,
-0.3845999836921692,
-0.5581790208816528,
-1.9993460178375244,
2.1205627918243408,
-1.6064456701278687,
0.2815860509872437,
1.2607854604721069,
-0.0548142902553082,
0.2068554759025574,
0.0754898488521576,
0.5811863541603088]