[-0.6259327530860901,
0.9466048479080200,
0.3505994379520416,
-0.4547870159149170,
0.7552111744880676,
-1.1856768131256104,
-0.1856802850961685,
-0.8443176746368408,
0.3306064009666443,
-0.0263887681066990,
-2.0616073608398438,
-1.2009232044219971,
0.1155368834733963,
0.0825677141547203,
-0.1969282776117325,
0.0465222820639610,
-0.1137635111808777,
0.1101002767682076,
0.2230786681175232,
-0.4412011206150055,
-0.7704207301139832,
-0.2282328903675079,
-1.8165045976638794,
0.6410902738571167,
0.4569667577743530,
1.7488365173339844,
-0.8567343354225159,
0.7934415936470032,
1.3198195695877075,
1.3118058443069458,
1.6505146026611328,
-2.1114876270294189,
1.2256376743316650,
-0.2657642364501953,
0.1240410357713699,
-1.7408508062362671,
0.0719852969050407,
-0.9029313921928406,
-0.2853551805019379,
-0.5536475777626038,
-0.1175951957702637,
0.0974213033914566,
-0.2397971451282501,
-1.4090718030929565,
1.0347740650177002,
-0.0772104486823082,
0.6162825226783752,
-1.3228009939193726,
-0.1080209165811539,
0.4057914316654205,
2.4930555820465088,
1.7513400316238403,
0.5138029456138611,
-1.0004938840866089,
-0.6756841540336609,
-1.4465477466583252,
1.1434404850006104,
0.4910418689250946,
-1.6552879810333252,
-0.5533946156501770,
0.8561655282974243,
0.0804070606827736,
-0.2056761384010315,
-0.0995030999183655,
1.6827297210693359,
-0.7177070379257202,
-0.2519910335540771,
1.5176895856857300,
0.7471593618392944,
-1.5783274173736572,
0.0452848821878433,
1.2685163021087646,
-2.1298220157623291,
0.7361957430839539,
0.0762979835271835,
0.9955320954322815,
1.6470791101455688,
0.7431578040122986,
0.2111418843269348,
0.8225115537643433,
0.0232036486268044,
2.8929750919342041,
-0.9708777070045471,
-0.0277431663125753,
-1.6497805118560791,
-0.5510598421096802,
-1.1613498926162720,
0.1049911975860596,
0.6538243293762207,
1.4909232854843140,
-0.1733202040195465,
0.5725725293159485,
0.8578223586082458,
-0.0868116617202759,
0.8367710709571838,
0.4291680455207825,
-1.2437824010848999,
0.8398653268814087,
0.4966653883457184,
-0.1637297421693802]