[-1.0699510574340820,
-0.5604533553123474,
-1.3818757534027100,
0.3043696582317352,
-0.4957908093929291,
-0.8851103782653809,
-0.7250404357910156,
1.0274497270584106,
0.0717554688453674,
-0.1456544846296310,
-1.7999404668807983,
2.2445096969604492,
1.2394868135452271,
-1.1605864763259888,
1.0323747396469116,
0.8121957182884216,
-0.8209171295166016,
0.0378415733575821,
-0.6817547678947449,
-0.3318144381046295,
0.4152317941188812,
0.3219574391841888,
0.7044088840484619,
-0.9679757356643677,
0.9243184924125671,
2.1842367649078369,
-0.5377603769302368,
0.6069674491882324,
-0.2465776354074478,
1.0525135993957520,
-1.2876746654510498,
-1.4847434759140015,
0.4244990348815918,
-1.1996662616729736,
-1.9992560148239136,
0.7741951346397400,
0.8475188612937927,
-1.8224357366561890,
1.6087052822113037,
-0.1267430186271667,
-0.3244195580482483,
0.5001704096794128,
1.6618967056274414,
-0.2378805875778198,
-1.0613054037094116,
1.6638844013214111,
-1.6325323581695557,
0.4590561985969543,
0.2679148912429810,
-1.3725045919418335,
-0.4600019156932831,
-1.0239890813827515,
0.1205375418066978,
0.6828921437263489,
-0.3072837591171265,
0.4735614359378815,
0.3176857233047485,
0.3767815828323364,
-0.7978631854057312,
1.5606509447097778,
-0.3925677537918091,
0.7262998819351196,
2.4480757713317871,
0.5910966992378235,
0.7819452881813049,
1.1651619672775269,
-0.9731052517890930,
-0.9148049354553223,
-0.0672525689005852,
0.8968422412872314,
-0.8556721210479736,
1.2666894197463989,
-0.4281866252422333,
-0.8453491330146790,
-1.1643815040588379,
0.9710373878479004,
0.8222808241844177,
1.7587325572967529,
-0.6310189366340637,
-0.4798075258731842,
0.9345812797546387,
0.3863739669322968,
0.7700506448745728,
0.0882875174283981,
1.0834740400314331,
-0.7102396488189697,
-0.2397281527519226,
0.2926804125308990,
-1.0566083192825317,
-0.8985120654106140,
1.0106146335601807,
-0.1334950029850006,
0.4090722799301147,
-0.6175006628036499,
0.4068081378936768,
1.0650527477264404,
0.6295333504676819,
2.7320656776428223,
0.1551868021488190,
0.3717388510704041]