[0.1574464142322540,
-0.2554680705070496,
-1.4758812189102173,
1.9011484384536743,
1.5147284269332886,
1.0622444152832031,
0.1335923969745636,
-1.2641648054122925,
0.2571382522583008,
2.6254191398620605,
-2.0783429145812988,
0.1918573975563049,
-0.5715808272361755,
-1.5978724956512451,
1.9930664300918579,
-1.1172167062759399,
1.5723010301589966,
0.5757529139518738,
-0.5739609599113464,
-0.2818111181259155,
-0.1783700138330460,
0.9045199155807495,
-2.2012922763824463,
1.4735298156738281,
-0.8633252978324890,
1.4806742668151855,
1.2129284143447876,
1.4636640548706055,
-1.1697610616683960,
-1.1281777620315552,
0.6581802964210510,
0.2921878397464752,
2.2218539714813232,
-0.4722467064857483,
-1.0604047775268555,
0.8244302272796631,
0.8440084457397461,
-1.0087491273880005,
0.0734187141060829,
-0.3511949777603149,
0.9203683137893677,
0.8700457215309143,
0.0198268238455057,
-1.6347526311874390,
-0.0521788112819195,
-0.4634583592414856,
0.5283266901969910,
0.0888829156756401,
0.8768116831779480,
-1.0955270528793335,
-1.2926028966903687,
1.5715420246124268,
-1.7026058435440063,
-0.3948959112167358,
-0.7513041496276855,
0.1806931197643280,
-0.6842798590660095,
-0.4385360181331635,
-0.7563279271125793,
1.8601900339126587,
0.5232377052307129,
-0.5482158064842224,
0.0731319934129715,
-1.4129364490509033,
-1.4664007425308228,
-1.3228513002395630,
-1.0768086910247803,
0.4485999941825867,
-0.1035600155591965,
-0.3976357281208038,
1.7085248231887817,
0.9825128912925720,
-0.1295525282621384,
-0.2081736177206039,
0.1959733515977859,
-0.5666109919548035,
-0.0938057526946068,
0.1741916835308075,
-0.6584516763687134,
0.9380782842636108,
-0.9738761186599731,
-1.2062689065933228,
-0.3764256834983826,
1.2366789579391479,
0.5595659613609314,
0.0932345762848854,
-0.8494105339050293,
-0.6285192966461182,
1.5853019952774048,
-1.0503139495849609,
1.6966680288314819,
-1.3649381399154663,
-0.8005682826042175,
0.1497413516044617,
0.2770991623401642,
-0.7346085309982300,
-0.4826238453388214,
-0.0066714705899358,
-0.3565059900283813,
0.4850747287273407]