[-0.2354402542114258,
0.6928398609161377,
2.0232815742492676,
-0.0832341089844704,
0.7038112878799438,
-0.0584218204021454,
-0.3652527928352356,
1.7244932651519775,
-0.9842980504035950,
2.1725571155548096,
-0.2984415292739868,
-0.0388221777975559,
0.6069691181182861,
-0.8354849815368652,
0.1586516648530960,
-0.0108019746840000,
-1.3539953231811523,
0.3431023061275482,
-2.2916383743286133,
-0.8084260821342468,
-0.3768363893032074,
0.3021543025970459,
-1.0552040338516235,
-0.3250704705715179,
-0.6509155035018921,
-0.4778004288673401,
1.0929169654846191,
0.3443377315998077,
-0.3021582961082458,
-0.0617874078452587,
-1.2132434844970703,
0.6575824618339539,
-2.0844364166259766,
0.8759994506835938,
-0.2052897661924362,
0.2254889160394669,
1.6347733736038208,
-0.6120002865791321,
-0.3907732963562012,
0.7707685232162476,
0.6679849028587341,
-1.0463781356811523,
-0.3907047808170319,
0.0011940926779062,
0.9494618773460388,
0.0450282208621502,
0.7029655575752258,
-0.0675267204642296,
-0.0907220616936684,
0.7932571768760681,
-1.3374861478805542,
1.3826473951339722,
-1.3967275619506836,
-2.5645406246185303,
0.3125984966754913,
-0.5629011392593384,
-0.6260344386100769,
-1.3896551132202148,
0.1661695092916489,
-1.0807319879531860,
-0.9808481335639954,
0.9724293947219849,
1.1720488071441650,
0.2104065120220184,
-2.0529398918151855,
0.3692296445369720,
0.7157272696495056,
-1.1015115976333618,
-0.0423974804580212,
0.5973776578903198,
-0.7246301770210266,
0.5139456391334534,
0.0632950887084007,
-0.1421580612659454,
-0.8236364126205444,
1.3041902780532837,
-1.7382720708847046,
0.4213656187057495,
0.3363710045814514,
-0.0056879073381424,
-0.1173546612262726,
0.4926900863647461,
0.5886919498443604,
-0.9664106369018555,
-0.4309033155441284,
-0.9291695952415466,
1.1467207670211792,
-1.5843265056610107,
-0.8917995095252991,
-0.0780460834503174,
-0.9804504513740540,
1.6177954673767090,
1.8234586715698242,
-1.1711751222610474,
1.0421607494354248,
0.8318316936492920,
0.7712593078613281,
1.6032158136367798,
0.1651459038257599,
1.4786940813064575]