[0.6153571605682373,
0.0953463613986969,
1.4828199148178101,
-0.6953604817390442,
0.6700581908226013,
-0.8444761633872986,
-1.8047163486480713,
1.5989266633987427,
-1.1623163223266602,
0.3574922680854797,
0.4868571162223816,
0.0689830332994461,
0.2432595789432526,
-1.8002618551254272,
-2.3788764476776123,
-1.2334257364273071,
-1.0212203264236450,
0.8342968821525574,
-1.5651477575302124,
1.7247401475906372,
-0.8033798336982727,
0.2106711268424988,
-0.7425710558891296,
0.2415297180414200,
-0.7253265380859375,
1.5214294195175171,
1.3877120018005371,
-0.0808060243725777,
-1.3233149051666260,
-0.8915835022926331,
-1.7579113245010376,
-2.4012281894683838,
1.8304452896118164,
0.2054784744977951,
-0.3063705563545227,
-0.5297340750694275,
-0.8641245365142822,
-0.0594635158777237,
2.1375310420989990,
0.9090154767036438,
-0.7199859619140625,
0.4090651571750641,
-2.1348497867584229,
-0.8239607214927673,
-1.2358678579330444,
0.2392123341560364,
-0.5984557867050171,
-0.5701090693473816,
1.2226549386978149,
0.5090184211730957,
-0.0138311078771949,
0.0511337295174599,
0.0885553807020187,
-0.1670521646738052,
0.0644770115613937,
0.5986346006393433,
-0.9611635804176331,
-1.6325857639312744,
0.4175991117954254,
0.7162200808525085,
-0.3541755676269531,
-0.7190508842468262,
0.1440670341253281,
-0.0095875933766365,
-0.2031494677066803,
-0.4565405249595642,
0.0744828581809998,
-0.3157756924629211,
1.9787482023239136,
0.5222871303558350,
-1.2165148258209229,
0.2577798366546631,
0.5202784538269043,
-0.4180534780025482,
0.6015800833702087,
0.8132480978965759,
0.7081930041313171,
0.6908592581748962,
-0.6607870459556580,
0.6501601338386536,
-0.6817715167999268,
1.2246698141098022,
1.1143200397491455,
-1.5417001247406006,
2.4352293014526367,
-1.6791547536849976,
0.4706190228462219,
0.8922734856605530,
-1.3112046718597412,
0.2930129766464233,
-0.6213648319244385,
-1.3084857463836670,
0.7608975768089294,
0.0863336920738220,
-0.5867736339569092,
0.4783360958099365,
-0.6615125536918640,
-0.6570889353752136,
1.3996961116790771,
-0.3643898367881775]