[-0.3076188564300537,
0.7538805603981018,
-0.1235029697418213,
1.4978759288787842,
0.3154819905757904,
-1.9350390434265137,
-1.4833555221557617,
-1.0748997926712036,
-0.4801625907421112,
0.0358936712145805,
-0.2315768450498581,
-0.8060162663459778,
-0.5410025119781494,
0.1613094806671143,
-0.1758864372968674,
1.0010429620742798,
-1.0801770687103271,
-0.3282181918621063,
0.1237004473805428,
0.1443840265274048,
0.2706034481525421,
-0.7180104851722717,
0.1803555935621262,
-0.2780484557151794,
-0.2503492832183838,
-0.7858999967575073,
0.6983199119567871,
-0.4036062061786652,
-1.1269544363021851,
-0.7988219857215881,
0.2563695013523102,
0.2467988580465317,
-1.2633090019226074,
-0.8973618745803833,
-1.1328549385070801,
-0.5782991051673889,
-1.1351890563964844,
-0.7454284429550171,
0.0388651378452778,
-0.4475174546241760,
-1.0602835416793823,
1.3678544759750366,
-0.3030502796173096,
2.0698819160461426,
0.5380915403366089,
-0.6459413766860962,
0.1784357577562332,
-0.1318306177854538,
-2.4052536487579346,
1.5471557378768921,
-0.2306148260831833,
-0.0515502691268921,
0.0681442022323608,
1.1370165348052979,
-0.0485594272613525,
0.1075443774461746,
-3.4837448596954346,
-1.1180698871612549,
-0.6143915057182312,
0.7365995049476624,
-0.8009607791900635,
-0.8607686161994934,
0.2591227591037750,
0.4439981877803802,
1.5726944208145142,
-2.2744786739349365,
0.0760269314050674,
-0.9786454439163208,
-0.7957060933113098,
0.4953198730945587,
-1.1035279035568237,
-0.6645085215568542,
-1.7865438461303711,
-0.6004280447959900,
-1.5807498693466187,
1.1391682624816895,
-0.1905303448438644,
0.9458957314491272,
0.7470625638961792,
0.4363660216331482,
-1.2772470712661743,
1.2633808851242065,
0.9968764781951904,
-0.9645605683326721,
-0.1344510763883591,
-0.1545555889606476,
0.0014837661292404,
-0.3127453923225403,
-1.0392137765884399,
-1.0932722091674805,
0.2878703474998474,
0.5313273668289185,
1.8768494129180908,
0.0014989003539085,
0.8615057468414307,
0.8386676907539368,
0.1931859552860260,
0.6975727677345276,
0.3270029127597809,
-0.3442578315734863]