[0.4782631993293762,
-1.4530634880065918,
-0.7761178612709045,
1.0428876876831055,
0.7515941858291626,
1.2675350904464722,
-0.7550374269485474,
-0.3546271026134491,
0.4833258390426636,
-0.3280449807643890,
1.2966705560684204,
-2.1749908924102783,
-1.0483782291412354,
-0.0432268530130386,
-1.2920392751693726,
1.0243170261383057,
-2.7976543903350830,
1.2201229333877563,
0.7474306821823120,
-1.5269867181777954,
-1.6980918645858765,
0.7596662640571594,
0.1220329403877258,
2.0847148895263672,
1.9510914087295532,
-0.9975643754005432,
1.4349137544631958,
-0.6942733526229858,
0.9314659833908081,
-0.5318751335144043,
1.9705864191055298,
1.7051192522048950,
-1.7479170560836792,
-0.9336235523223877,
0.9628513455390930,
-0.9357285499572754,
0.2767332196235657,
-0.9560975432395935,
0.6706682443618774,
-1.1757148504257202,
-0.6423169374465942,
-0.4897871613502502,
-0.6490744352340698,
0.1867962181568146,
0.0009494363912381,
-2.0033822059631348,
-0.8410105705261230,
-1.7734913825988770,
0.2647629678249359,
-0.8951851725578308,
-1.1296678781509399,
-2.2957589626312256,
1.2400755882263184,
-0.2266631871461868,
-0.6554030179977417,
-0.0587593391537666,
0.0998357906937599,
1.1121208667755127,
0.0695966184139252,
-0.2433560937643051,
2.0759661197662354,
0.3329294025897980,
1.3705658912658691,
0.4786967337131500,
-1.9606900215148926,
1.5652091503143311,
0.4358692169189453,
-0.7349172830581665,
-0.9531810879707336,
-0.3202101886272430,
0.7173081636428833,
-2.5451178550720215,
-0.9354214668273926,
-1.4180113077163696,
-1.1276623010635376,
-0.0726306512951851,
-0.5992671251296997,
1.1967445611953735,
1.2780039310455322,
-1.0965783596038818,
1.3426029682159424,
0.7101215124130249,
2.2912681102752686,
-0.0612837672233582,
1.8507663011550903,
-0.3693031668663025,
-1.6008008718490601,
-1.3054058551788330,
-1.5789898633956909,
0.5001868605613708,
-0.5750976204872131,
0.7067465186119080,
-0.1987272799015045,
0.8947604298591614,
-0.3859291672706604,
-1.9598634243011475,
1.1393196582794189,
0.7002084851264954,
-1.6992849111557007,
-0.3070869445800781]