[0.2181111425161362,
-0.1987404823303223,
0.8277544975280762,
0.9984120726585388,
-0.8939797282218933,
0.0704451724886894,
-0.5720559358596802,
1.1221505403518677,
1.5394033193588257,
2.4086389541625977,
-1.4015001058578491,
-0.0038324249908328,
0.2631897330284119,
-0.3570111393928528,
0.3609669506549835,
0.2247159779071808,
1.2238624095916748,
0.8050112128257751,
-0.8198988437652588,
0.4054894149303436,
-0.2720110416412354,
0.5201108455657959,
0.4243099689483643,
0.1725410372018814,
-1.1970064640045166,
-2.0060093402862549,
-1.4159126281738281,
0.2148919999599457,
-1.3518292903900146,
2.3261005878448486,
-0.1022089347243309,
-0.3147664368152618,
0.1043951064348221,
0.2909772694110870,
-0.7988194227218628,
-0.6246314644813538,
0.1993443518877029,
-0.7429417371749878,
0.2102607786655426,
-1.2488154172897339,
-1.2394776344299316,
0.6508338451385498,
1.7299559116363525,
-0.1879734694957733,
0.3820900022983551,
1.0465856790542603,
0.4396986365318298,
-0.5439851880073547,
0.4337302744388580,
-0.8153573870658875,
-2.0842185020446777,
0.9693306088447571,
-0.0265915039926767,
0.0117743955925107,
0.9708345532417297,
-0.4617535173892975,
-0.6104799509048462,
0.3503992557525635,
0.7979359626770020,
-0.4186568558216095,
1.7227193117141724,
1.3241899013519287,
0.4355769157409668,
-0.6064334511756897,
2.0037100315093994,
-0.9814951419830322,
-1.7860472202301025,
0.6960011124610901,
-0.3439077436923981,
-1.4351047277450562,
-1.0776884555816650,
0.4000518918037415,
0.4544367194175720,
1.0334702730178833,
1.4981067180633545,
0.1425822526216507,
0.1067604273557663,
-1.3503433465957642,
-0.7098991274833679,
0.6164925694465637,
0.6718136072158813,
-1.3369332551956177,
0.2820742726325989,
-1.1341774463653564,
-0.7142830491065979,
0.8737525343894958,
2.2790393829345703,
0.0030076426919550,
-0.9370563030242920,
-0.5721750259399414,
1.0020904541015625,
0.4501915574073792,
-0.4245960712432861,
1.2489819526672363,
-1.6008092164993286,
-0.6659723520278931,
1.7498949766159058,
-0.0153385130688548,
-0.6940790414810181,
2.3315744400024414]