[0.5085684657096863,
-0.4505344331264496,
-0.7861906886100769,
-0.0290002040565014,
1.1010593175888062,
0.9736100435256958,
0.2777479887008667,
-0.0395250134170055,
-1.0207266807556152,
-0.5810415148735046,
1.3102459907531738,
2.0265707969665527,
2.4476599693298340,
-1.0385012626647949,
0.6012056469917297,
-0.4984567463397980,
1.1527955532073975,
-0.7458395957946777,
0.1946314722299576,
0.6713183522224426,
-0.1578008681535721,
0.6506387591362000,
0.1476399898529053,
-0.7160273194313049,
-2.2317619323730469,
0.8530152440071106,
-0.6533830761909485,
0.0705858618021011,
0.8065949678421021,
0.4718474149703979,
-0.7594515085220337,
-0.2655842006206512,
0.1860787719488144,
-0.6003214716911316,
0.3776211440563202,
0.6838317513465881,
-0.4665226936340332,
0.5349760651588440,
-0.5415296554565430,
1.2652286291122437,
0.2419922649860382,
0.9060558676719666,
-0.5650311112403870,
-0.1192008331418037,
-0.2006395161151886,
-0.2056877911090851,
-0.6829258203506470,
-0.2265602201223373,
1.0054779052734375,
-0.5319146513938904,
-0.5996755361557007,
-0.0000309878887492,
-1.3387597799301147,
0.8012615442276001,
-0.7731934785842896,
0.0946704447269440,
-1.6569254398345947,
-1.6304630041122437,
0.3272700011730194,
-0.4563792049884796,
0.4330250918865204,
0.6211475729942322,
-0.2749656140804291,
-0.4426791369915009,
0.1669674217700958,
0.4142179787158966,
1.2034001350402832,
-0.7532189488410950,
2.2146480083465576,
1.1931277513504028,
1.0430990457534790,
2.3483216762542725,
0.4741803705692291,
-0.0977230370044708,
-1.4323406219482422,
-0.0067695444449782,
0.1189458146691322,
1.9229563474655151,
1.2656329870223999,
1.2837536334991455,
1.7795774936676025,
1.3870937824249268,
1.5313111543655396,
-1.9679452180862427,
0.5988534092903137,
0.1143147349357605,
1.1724380254745483,
0.6471623182296753,
1.2482244968414307,
0.1224541738629341,
2.0526516437530518,
-3.0322175025939941,
-0.1333745121955872,
0.3208134472370148,
-1.0308270454406738,
-0.0414161309599876,
-1.2141464948654175,
-0.8951091766357422,
-0.2361987084150314,
-0.4077661335468292]