[0.8696745634078979,
0.8079255819320679,
-0.9063169360160828,
-0.0012337637599558,
0.4978114664554596,
2.1284360885620117,
-0.1765360534191132,
0.0595493428409100,
-1.1711784601211548,
-0.3682778477668762,
-2.0525133609771729,
1.3040673732757568,
-2.1901643276214600,
-0.3489606976509094,
0.1134152486920357,
-1.4836204051971436,
0.5020415186882019,
0.6610192060470581,
-0.4055825769901276,
-0.5084905028343201,
1.0629502534866333,
0.7640087604522705,
-1.3106014728546143,
-0.5929712653160095,
1.3818811178207397,
-1.9543217420578003,
-0.4568385779857635,
-1.5559874773025513,
-0.3362255096435547,
-0.6870983242988586,
1.5933113098144531,
0.4511413276195526,
-0.0422478802502155,
0.2274746745824814,
1.7775095701217651,
0.5913078784942627,
-0.7564851045608521,
0.1283835172653198,
-0.3355517387390137,
-0.4617717266082764,
1.9293348789215088,
-0.2949205040931702,
-0.3536019325256348,
0.0075044222176075,
1.5506716966629028,
-0.1801949590444565,
0.0071011870168149,
-0.1887618601322174,
1.5799927711486816,
-1.1990388631820679,
0.5286134481430054,
0.2450846135616302,
1.2930653095245361,
-0.9880692362785339,
0.8292515277862549,
-0.3064169883728027,
-0.1818380802869797,
-0.8619951009750366,
-0.2079128772020340,
-1.3785097599029541,
-0.7537577748298645,
1.2842391729354858,
0.4751363694667816,
0.3884261250495911,
-0.1033620685338974,
-1.5719337463378906,
-0.1810522377490997,
0.0051161572337151,
1.3960602283477783,
0.7465599179267883,
-0.2021706104278564,
-0.0775417536497116,
-1.3213784694671631,
-0.8230080008506775,
0.7454183101654053,
1.2592103481292725,
1.9160557985305786,
0.1458603292703629,
1.0317329168319702,
0.6753509640693665,
-0.3119208812713623,
0.6853951215744019,
-0.2962282299995422,
-0.7573990821838379,
-0.4231982529163361,
-0.7484217286109924,
2.3440582752227783,
-1.2668296098709106,
-1.5984517335891724,
-0.0374762378633022,
-0.9312358498573303,
-1.8925862312316895,
-0.4079795181751251,
-0.4210631251335144,
0.8348307013511658,
-0.0743892341852188,
0.4711118340492249,
0.3054917752742767,
1.0631711483001709,
-0.2978051304817200]