[1.0562580823898315,
0.2003037631511688,
-0.6167591810226440,
0.8943565487861633,
0.2710157930850983,
0.0793533921241760,
-0.7015003561973572,
0.6397850513458252,
-0.8662585020065308,
1.2233499288558960,
0.8362210988998413,
-0.5262582302093506,
1.1028163433074951,
1.4358075857162476,
-0.8609116077423096,
-0.5431342720985413,
0.6678891181945801,
0.7959393262863159,
0.0491186492145061,
0.9236673712730408,
0.8231983184814453,
-1.8444726467132568,
-1.6065551042556763,
2.1913466453552246,
0.5848600864410400,
0.1194453164935112,
-1.0802979469299316,
1.6234731674194336,
0.1542390137910843,
-2.1056404113769531,
-0.5348221063613892,
-0.7272815704345703,
-0.3042900264263153,
-0.2989930510520935,
1.0655645132064819,
-0.0198078565299511,
-1.0988754034042358,
-1.6116489171981812,
1.3392305374145508,
-0.4868566691875458,
-0.3175020515918732,
0.7709721922874451,
0.5069075822830200,
-2.1229076385498047,
1.0465810298919678,
-0.6310008168220520,
0.1179590374231339,
-1.0366414785385132,
2.1159558296203613,
-2.1273143291473389,
-1.3503932952880859,
-0.3153972923755646,
-0.0094993999227881,
-1.3539961576461792,
-0.2801129221916199,
-0.0285072866827250,
-0.0050232829526067,
-0.9079276323318481,
-0.4421686828136444,
-0.3834860026836395,
1.1752021312713623,
-1.6503480672836304,
-0.2453104108572006,
-0.1845010668039322,
0.6724368929862976,
-0.2267778366804123,
-0.1483440846204758,
-1.7336342334747314,
-0.3852589428424835,
-1.4644132852554321,
0.4021709263324738,
-0.8980073928833008,
1.6396341323852539,
-1.3670493364334106,
0.8984744548797607,
-0.6676464080810547,
0.0699630528688431,
0.4509634077548981,
0.5712587833404541,
-1.3481429815292358,
-0.8339500427246094,
0.9297137260437012,
-0.1175644919276237,
0.5220167040824890,
-1.4392434358596802,
-0.1351705640554428,
-0.6312714219093323,
0.6081576943397522,
-1.1585308313369751,
-0.8926200866699219,
0.7060456871986389,
0.0478391014039516,
-1.2738581895828247,
0.1868840157985687,
0.9026409387588501,
1.2376165390014648,
1.9057869911193848,
0.0938622280955315,
-0.0377597846090794,
0.2254049032926559]