[-2.2703979015350342,
0.7452518343925476,
0.2201573252677917,
-1.2470721006393433,
-1.4249531030654907,
0.3401513397693634,
0.0395976789295673,
1.6727333068847656,
0.3177693486213684,
-0.7326271533966064,
-0.0798328816890717,
0.9463235735893250,
-1.1600073575973511,
-1.7909423112869263,
-0.5201873183250427,
-2.1655063629150391,
-0.3391217291355133,
0.0371817313134670,
0.3940668404102325,
0.2269209921360016,
0.3895905911922455,
0.6220570206642151,
-0.2605286240577698,
1.0787023305892944,
0.1908707767724991,
-0.2431488633155823,
-0.6856248378753662,
1.3709768056869507,
0.0883260667324066,
0.4025916457176208,
-0.9799657464027405,
-1.0470174551010132,
-2.0170242786407471,
0.4992291629314423,
-0.7926611900329590,
1.8572152853012085,
0.5858169794082642,
2.1539683341979980,
0.5406063795089722,
-0.3486325740814209,
1.5438063144683838,
-0.6288827061653137,
-0.5183652043342590,
-0.6973875761032104,
-0.5756908059120178,
-0.0381590649485588,
0.8368662595748901,
0.5625771284103394,
-0.8576624989509583,
0.7237259745597839,
-0.5854771733283997,
-0.3070169687271118,
1.0212028026580811,
-0.3313111364841461,
1.4546068906784058,
0.2604830563068390,
-0.6898639798164368,
-0.5625336170196533,
-0.0036595573183149,
-0.4870401322841644,
0.5109193325042725,
-0.9176066517829895,
1.4841898679733276,
1.1774743795394897,
-1.5407458543777466,
-0.2531708478927612,
-0.5699633955955505,
-1.6889725923538208,
0.7633427977561951,
0.8403854370117188,
0.5756516456604004,
-0.3994146585464478,
-0.0795188620686531,
0.4549357891082764,
0.5866503119468689,
-0.4447697103023529,
-0.4028550386428833,
-1.2649239301681519,
1.9869590997695923,
1.6336361169815063,
0.7478017210960388,
-0.4735136032104492,
0.0096122799441218,
1.1565654277801514,
-0.4933880865573883,
-0.1973826736211777,
-0.0049733882769942,
-1.4514257907867432,
-1.0827934741973877,
-0.5335598587989807,
-0.4852956235408783,
0.2058685570955276,
-0.2288953661918640,
0.0434011854231358,
0.0500505268573761,
-0.9962162375450134,
2.1179420948028564,
0.7388623356819153,
2.6850380897521973,
1.2574937343597412]