[-0.6065078377723694,
0.4777798652648926,
-1.0296372175216675,
-1.2024081945419312,
-1.4533839225769043,
-0.7834799885749817,
0.9091382026672363,
-1.4806882143020630,
0.0729372203350067,
-0.8346112370491028,
0.3781203329563141,
2.4644792079925537,
-1.4394612312316895,
0.3230793178081512,
0.1236045211553574,
-1.4055343866348267,
0.0208395831286907,
0.4987717270851135,
0.9380755424499512,
-0.1681487411260605,
-0.4218867719173431,
-0.3798169195652008,
-0.8003433346748352,
-1.3991534709930420,
-0.1600980311632156,
1.3143249750137329,
-0.5190868973731995,
-0.5302236080169678,
1.2837008237838745,
0.3115140497684479,
0.7778985500335693,
1.0275454521179199,
-0.0791895315051079,
0.0475833378732204,
0.9545680284500122,
0.4091298878192902,
-0.0612461790442467,
-1.0144073963165283,
-0.5985348224639893,
-0.3954321742057800,
0.3735129535198212,
0.0246909204870462,
1.7267502546310425,
-1.3882054090499878,
-0.7832685112953186,
1.3010772466659546,
-0.5396294593811035,
1.1894246339797974,
-0.1937073469161987,
-1.0783009529113770,
-0.4091377556324005,
1.7944403886795044,
0.9238312244415283,
-0.4053387343883514,
-0.8548898696899414,
-0.3797179162502289,
-1.0655640363693237,
-1.1098541021347046,
0.3889333009719849,
1.0331336259841919,
-0.4694481492042542,
-0.0679674595594406,
-0.8462241291999817,
-1.2924175262451172,
0.2828474342823029,
1.7506016492843628,
-0.1088528409600258,
-0.1655426174402237,
-0.9137141704559326,
0.0969830080866814,
0.6496050953865051,
0.5273236036300659,
-1.1117930412292480,
-0.0819678828120232,
0.0944247022271156,
0.8807842731475830,
0.0812277197837830,
1.1472604274749756,
-0.0748900547623634,
-0.5414469242095947,
0.1156916320323944,
1.2486518621444702,
-0.2218860685825348,
1.4406213760375977,
0.3481318056583405,
0.4210663735866547,
1.2559142112731934,
-1.5557609796524048,
-0.2390659004449844,
-1.3971675634384155,
0.7809319496154785,
0.8343569040298462,
0.9078932404518127,
0.3710429668426514,
0.5282260775566101,
-1.5057307481765747,
1.0729025602340698,
1.9108536243438721,
-0.8283811211585999,
-0.4033740162849426]