[0.3990684747695923,
1.5672956705093384,
-0.3469359576702118,
0.4367446303367615,
-2.3786089420318604,
0.1208819895982742,
-2.4164009094238281,
0.0034662052057683,
-0.1676669120788574,
0.6521568298339844,
-1.8744912147521973,
1.7296011447906494,
0.7220820784568787,
-1.8004691600799561,
-0.2654924094676971,
-0.9937258958816528,
1.3977159261703491,
1.3060216903686523,
-1.0593370199203491,
0.8419222235679626,
-0.7865160703659058,
0.2184993475675583,
0.7872372269630432,
0.2196264415979385,
-0.7518227696418762,
0.7861629724502563,
-0.0371517539024353,
0.4986358582973480,
-0.7067394256591797,
0.7434984445571899,
0.0422507189214230,
-1.2331640720367432,
0.4673436582088470,
-0.0154949417337775,
-0.7289248704910278,
-0.1294724941253662,
1.0823208093643188,
-0.0376046597957611,
-0.7739447355270386,
0.5066705346107483,
0.4263248741626740,
2.2502853870391846,
-0.4813077449798584,
-0.6115416288375854,
1.7360442876815796,
0.9321091771125793,
1.6211494207382202,
1.6464464664459229,
0.6078512668609619,
0.0729080066084862,
0.4582316279411316,
1.1338787078857422,
-0.5961557030677795,
-0.6762076020240784,
-0.6561687588691711,
-0.1187475025653839,
0.2294742166996002,
-2.5615420341491699,
0.7190814614295959,
-0.0186185073107481,
-2.1908750534057617,
-2.0223264694213867,
-0.2386119365692139,
-0.0071052294224501,
-0.5108387470245361,
0.0215165298432112,
-0.0831571593880653,
-0.1343723535537720,
0.4669146835803986,
-0.8901312947273254,
1.0916869640350342,
2.1440429687500000,
1.6576186418533325,
0.2717352211475372,
-0.2128719687461853,
-0.5612947940826416,
-0.4592396318912506,
-0.2882700562477112,
-0.4492346346378326,
1.6444375514984131,
1.2225954532623291,
0.1560784280300140,
2.2914600372314453,
-1.1128741502761841,
-1.1324361562728882,
-1.2115155458450317,
0.8839107751846313,
0.7868767380714417,
-0.4202214181423187,
-2.5866055488586426,
1.1631008386611938,
-1.3522975444793701,
2.4932272434234619,
1.0294531583786011,
-1.3161432743072510,
-0.9471436738967896,
1.2255952358245850,
0.2184562981128693,
-0.1179881840944290,
0.4474892616271973]