[-0.1323461085557938,
1.4575052261352539,
0.1335465461015701,
0.5131217241287231,
0.4202903211116791,
0.6482621431350708,
0.4367154836654663,
-0.0830436050891876,
1.6299057006835938,
0.6332893967628479,
-0.9607335329055786,
1.2635545730590820,
-0.9738605022430420,
-1.8351231813430786,
-1.8833061456680298,
-0.5974637269973755,
0.3200997114181519,
-0.2957022786140442,
-0.7224026322364807,
-0.0194198470562696,
0.8647486567497253,
-0.9961394071578979,
-1.4528027772903442,
0.4438183009624481,
1.0584588050842285,
1.3920557498931885,
-1.3990093469619751,
1.6822011470794678,
-0.4941329658031464,
-0.3551407158374786,
-0.3062479197978973,
-0.0360486321151257,
-0.4240296781063080,
0.8553506731987000,
1.9095139503479004,
0.4152480065822601,
0.8474410176277161,
0.2607116103172302,
-2.1447980403900146,
0.5914391875267029,
1.1977190971374512,
-1.9990992546081543,
-0.4177422225475311,
-0.1614227145910263,
0.3076677024364471,
0.7161446213722229,
-0.3401710689067841,
-0.1000006347894669,
1.5202615261077881,
0.1412090361118317,
-0.6600151658058167,
0.1819152384996414,
-0.4232332706451416,
0.4546759724617004,
0.9928798675537109,
-0.1516200751066208,
-0.6505644321441650,
-1.2292919158935547,
-1.6054098606109619,
-0.5886746644973755,
0.8027264475822449,
-0.3543777465820312,
1.3335769176483154,
-0.1698237359523773,
0.0054450770840049,
0.8007413148880005,
0.7081611752510071,
-0.2515833973884583,
-0.7926699519157410,
0.1713936179876328,
-0.8081591129302979,
0.2958977222442627,
-0.4995052218437195,
0.5587030649185181,
-0.1354679465293884,
0.6967571377754211,
-0.0439736656844616,
-1.4574673175811768,
-1.6554456949234009,
1.0894752740859985,
0.4114175438880920,
-1.7051608562469482,
-0.9413743615150452,
-1.6507503986358643,
-0.4812669157981873,
0.0907817557454109,
0.3677996695041656,
0.7282445430755615,
-1.1569800376892090,
0.9281415343284607,
-0.1276985257863998,
-2.5021150112152100,
-0.6140875816345215,
-1.3139848709106445,
0.6640830636024475,
-0.3447545766830444,
0.3330019414424896,
-0.9635265469551086,
-0.1625533699989319,
0.6168592572212219]